ExecutionIndex,Timestamp_s,ExecutionTime_ms,FPS
1,0.0757,7985749.0000,0.00
2,0.1431,67.3828,14.84
3,0.2056,62.5000,16.00
4,0.2783,72.7539,13.74
5,0.3589,80.5664,12.41
6,0.4209,62.0117,16.13
7,0.4805,59.5703,16.79
8,0.5479,67.3828,14.84
9,0.6099,62.0117,16.13
10,0.7012,91.3086,10.95
11,0.7720,70.8008,14.12
12,0.8726,100.5859,9.94
13,0.9360,63.4766,15.75
14,0.9971,61.0352,16.38
15,1.0615,64.4531,15.52
16,1.1230,61.5234,16.25
17,1.1904,67.3828,14.84
18,1.2515,61.0352,16.38
19,1.3145,62.9883,15.88
20,1.3774,62.9883,15.88
21,1.4404,62.9883,15.88
22,1.5039,63.4766,15.75
23,1.5757,71.7773,13.93
24,1.6626,86.9141,11.51
25,1.7412,78.6133,12.72
26,1.8003,59.0820,16.93
27,1.8682,67.8711,14.73
28,1.9302,62.0117,16.13
29,1.9961,65.9180,15.17
30,2.0576,61.5234,16.25
31,2.1221,64.4531,15.52
32,2.1846,62.5000,16.00
33,2.2593,74.7070,13.39
34,2.3555,96.1914,10.40
35,2.4531,97.6563,10.24
36,2.5210,67.8711,14.73
37,2.6069,85.9375,11.64
38,2.6689,62.0117,16.13
39,2.7432,74.2188,13.47
40,2.8105,67.3828,14.84
41,2.8931,82.5195,12.12
42,2.9541,61.0352,16.38
43,3.0254,71.2891,14.03
44,3.1064,81.0547,12.34
45,3.1807,74.2188,13.47
46,3.2563,75.6836,13.21
47,3.3184,62.0117,16.13
48,3.3833,64.9414,15.40
49,3.4614,78.1250,12.80
50,3.5205,59.0820,16.93
51,3.5908,70.3125,14.22
52,3.6514,60.5469,16.52
53,3.7134,62.0117,16.13
54,3.7896,76.1719,13.13
55,3.8481,58.5938,17.07
56,3.9102,62.0117,16.13
57,3.9858,75.6836,13.21
58,4.0449,59.0820,16.93
59,4.1050,60.0586,16.65
60,4.1851,80.0781,12.49
61,4.2466,61.5234,16.25
62,4.3105,63.9648,15.63
63,4.3799,69.3359,14.42
64,4.4688,88.8672,11.25
65,4.5503,81.5430,12.26
66,4.6147,64.4531,15.52
67,4.6929,78.1250,12.80
68,4.7539,61.0352,16.38
69,4.8174,63.4766,15.75
70,4.8789,61.5234,16.25
71,4.9404,61.5234,16.25
72,5.0010,60.5469,16.52
73,5.0620,61.0352,16.38
74,5.1230,61.0352,16.38
75,5.1914,68.3594,14.63
76,5.2803,88.8672,11.25
77,5.3438,63.4766,15.75
78,5.4048,61.0352,16.38
79,5.4658,61.0352,16.38
80,5.5254,59.5703,16.79
81,5.5874,62.0117,16.13
82,5.6572,69.8242,14.32
83,5.7378,80.5664,12.41
84,5.8154,77.6367,12.88
85,5.8843,68.8477,14.52
86,5.9707,86.4258,11.57
87,6.0366,65.9180,15.17
88,6.1157,79.1016,12.64
89,6.1943,78.6133,12.72
90,6.2559,61.5234,16.25
91,6.3291,73.2422,13.65
92,6.4097,80.5664,12.41
93,6.4727,62.9883,15.88
94,6.5342,61.5234,16.25
95,6.5947,60.5469,16.52
96,6.6724,77.6367,12.88
97,6.7329,60.5469,16.52
98,6.8013,68.3594,14.63
99,6.8721,70.8008,14.12
100,6.9614,89.3555,11.19
101,7.0376,76.1719,13.13
102,7.1265,88.8672,11.25
103,7.1899,63.4766,15.75
104,7.2529,62.9883,15.88
105,7.3320,79.1016,12.64
106,7.3906,58.5938,17.07
107,7.4692,78.6133,12.72
108,7.5303,61.0352,16.38
109,7.5977,67.3828,14.84
110,7.6777,80.0781,12.49
111,7.7617,83.9844,11.91
112,7.8242,62.5000,16.00
113,7.8848,60.5469,16.52
114,7.9482,63.4766,15.75
115,8.0073,59.0820,16.93
116,8.0874,80.0781,12.49
117,8.1763,88.8672,11.25
118,8.2368,60.5469,16.52
119,8.3037,66.8945,14.95
120,8.3730,69.3359,14.42
121,8.4551,82.0313,12.19
122,8.5166,61.5234,16.25
123,8.5913,74.7070,13.39
124,8.6694,78.1250,12.80
125,8.7324,62.9883,15.88
126,8.8013,68.8477,14.52
127,8.8633,62.0117,16.13
128,8.9370,73.7305,13.56
129,9.0117,74.7070,13.39
130,9.0791,67.3828,14.84
131,9.1475,68.3594,14.63
132,9.2139,66.4063,15.06
133,9.2764,62.5000,16.00
134,9.3369,60.5469,16.52
135,9.3989,62.0117,16.13
136,9.4604,61.5234,16.25
137,9.5313,70.8008,14.12
138,9.6030,71.7773,13.93
139,9.6846,81.5430,12.26
140,9.7617,77.1484,12.96
141,9.8223,60.5469,16.52
142,9.8877,65.4297,15.28
143,9.9482,60.5469,16.52
144,10.0112,62.9883,15.88
145,10.0728,61.5234,16.25
146,10.1348,62.0117,16.13
147,10.1958,61.0352,16.38
148,10.2651,69.3359,14.42
149,10.3457,80.5664,12.41
150,10.4229,77.1484,12.96
151,10.4868,63.9648,15.63
152,10.5640,77.1484,12.96
153,10.6245,60.5469,16.52
154,10.6860,61.5234,16.25
155,10.7476,61.5234,16.25
156,10.8071,59.5703,16.79
157,10.8691,62.0117,16.13
158,10.9287,59.5703,16.79
159,10.9907,62.0117,16.13
160,11.0601,69.3359,14.42
161,11.1519,91.7969,10.89
162,11.2339,82.0313,12.19
163,11.2969,62.9883,15.88
164,11.3633,66.4063,15.06
165,11.4356,72.2656,13.84
166,11.5215,85.9375,11.64
167,11.6025,81.0547,12.34
168,11.6611,58.5938,17.07
169,11.7236,62.5000,16.00
170,11.7979,74.2188,13.47
171,11.8838,85.9375,11.64
172,11.9731,89.3555,11.19
173,12.0366,63.4766,15.75
174,12.0991,62.5000,16.00
175,12.1743,75.1953,13.30
176,12.2529,78.6133,12.72
177,12.3154,62.5000,16.00
178,12.3814,65.9180,15.17
179,12.4448,63.4766,15.75
180,12.5049,60.0586,16.65
181,12.5674,62.5000,16.00
182,12.6289,61.5234,16.25
183,12.6948,65.9180,15.17
184,12.7564,61.5234,16.25
185,12.8203,63.9648,15.63
186,12.8809,60.5469,16.52
187,12.9443,63.4766,15.75
188,13.0044,60.0586,16.65
189,13.0669,62.5000,16.00
190,13.1284,61.5234,16.25
191,13.1909,62.5000,16.00
192,13.2515,60.5469,16.52
193,13.3135,62.0117,16.13
194,13.3911,77.6367,12.88
195,13.4502,59.0820,16.93
196,13.5107,60.5469,16.52
197,13.5742,63.4766,15.75
198,13.6440,69.8242,14.32
199,13.7319,87.8906,11.38
200,13.7949,62.9883,15.88
201,13.8726,77.6367,12.88
202,13.9312,58.5938,17.07
203,14.0005,69.3359,14.42
204,14.0615,61.0352,16.38
205,14.1260,64.4531,15.52
206,14.1865,60.5469,16.52
207,14.2568,70.3125,14.22
208,14.3403,83.4961,11.98
209,14.3999,59.5703,16.79
210,14.4609,61.0352,16.38
211,14.5205,59.5703,16.79
212,14.5830,62.5000,16.00
213,14.6436,60.5469,16.52
214,14.7056,62.0117,16.13
215,14.7651,59.5703,16.79
216,14.8262,61.0352,16.38
217,14.9028,76.6602,13.04
218,14.9639,61.0352,16.38
219,15.0444,80.5664,12.41
220,15.1055,61.0352,16.38
221,15.1729,67.3828,14.84
222,15.2354,62.5000,16.00
223,15.2959,60.5469,16.52
224,15.3765,80.5664,12.41
225,15.4385,62.0117,16.13
226,15.5000,61.5234,16.25
227,15.5615,61.5234,16.25
228,15.6216,60.0586,16.65
229,15.6851,63.4766,15.75
230,15.7451,60.0586,16.65
231,15.8066,61.5234,16.25
232,15.8779,71.2891,14.03
233,15.9375,59.5703,16.79
234,16.0127,75.1953,13.30
235,16.1094,96.6797,10.34
236,16.1675,58.1055,17.21
237,16.2559,88.3789,11.31
238,16.3189,62.9883,15.88
239,16.3872,68.3594,14.63
240,16.4497,62.5000,16.00
241,16.5122,62.5000,16.00
242,16.5942,82.0313,12.19
243,16.6807,86.4258,11.57
244,16.7598,79.1016,12.64
245,16.8213,61.5234,16.25
246,16.8814,60.0586,16.65
247,16.9443,62.9883,15.88
248,17.0049,60.5469,16.52
249,17.0664,61.5234,16.25
250,17.1299,63.4766,15.75
251,17.1924,62.5000,16.00
252,17.2544,62.0117,16.13
253,17.3179,63.4766,15.75
254,17.3867,68.8477,14.52
255,17.4561,69.3359,14.42
256,17.5200,63.9648,15.63
257,17.5825,62.5000,16.00
258,17.6470,64.4531,15.52
259,17.7315,84.4727,11.84
260,17.7993,67.8711,14.73
261,17.8701,70.8008,14.12
262,17.9385,68.3594,14.63
263,18.0127,74.2188,13.47
264,18.0869,74.2188,13.47
265,18.1475,60.5469,16.52
266,18.2100,62.5000,16.00
267,18.2744,64.4531,15.52
268,18.3379,63.4766,15.75
269,18.3984,60.5469,16.52
270,18.4634,64.9414,15.40
271,18.5469,83.4961,11.98
272,18.6299,83.0078,12.05
273,18.6899,60.0586,16.65
274,18.7598,69.8242,14.32
275,18.8218,62.0117,16.13
276,18.8833,61.5234,16.25
277,18.9453,62.0117,16.13
278,19.0073,62.0117,16.13
279,19.0703,62.9883,15.88
280,19.1333,62.9883,15.88
281,19.1958,62.5000,16.00
282,19.2564,60.5469,16.52
283,19.3291,72.7539,13.74
284,19.3897,60.5469,16.52
285,19.4526,62.9883,15.88
286,19.5132,60.5469,16.52
287,19.5747,61.5234,16.25
288,19.6484,73.7305,13.56
289,19.7324,83.9844,11.91
290,19.8189,86.4258,11.57
291,19.9038,84.9609,11.77
292,19.9844,80.5664,12.41
293,20.0781,93.7500,10.67
294,20.1685,90.3320,11.07
295,20.2300,61.5234,16.25
296,20.3008,70.8008,14.12
297,20.3789,78.1250,12.80
298,20.4404,61.5234,16.25
299,20.5029,62.5000,16.00
300,20.5757,72.7539,13.74
301,20.6484,72.7539,13.74
302,20.7451,96.6797,10.34
303,20.8325,87.4023,11.44
304,20.9126,80.0781,12.49
305,20.9746,62.0117,16.13
306,21.0356,61.0352,16.38
307,21.0981,62.5000,16.00
308,21.1572,59.0820,16.93
309,21.2168,59.5703,16.79
310,21.2827,65.9180,15.17
311,21.3413,58.5938,17.07
312,21.4170,75.6836,13.21
313,21.4912,74.2188,13.47
314,21.5591,67.8711,14.73
315,21.6270,67.8711,14.73
316,21.7022,75.1953,13.30
317,21.7695,67.3828,14.84
318,21.8369,66.8945,14.95
319,21.9092,72.2656,13.84
320,21.9702,61.0352,16.38
321,22.0317,61.5234,16.25
322,22.0947,62.9883,15.88
323,22.1597,64.9414,15.40
324,22.2295,69.8242,14.32
325,22.3042,74.7070,13.39
326,22.3672,62.9883,15.88
327,22.4385,71.2891,14.03
328,22.5112,72.7539,13.74
329,22.5791,67.8711,14.73
330,22.6597,80.5664,12.41
331,22.7227,62.9883,15.88
332,22.7910,68.3594,14.63
333,22.8633,72.2656,13.84
334,22.9482,84.9609,11.77
335,23.0156,67.3828,14.84
336,23.0806,64.9414,15.40
337,23.1465,65.9180,15.17
338,23.2344,87.8906,11.38
339,23.3154,81.0547,12.34
340,23.3799,64.4531,15.52
341,23.4478,67.8711,14.73
342,23.5278,80.0781,12.49
343,23.6074,79.5898,12.56
344,23.6865,79.1016,12.64
345,23.7671,80.5664,12.41
346,23.8496,82.5195,12.12
347,23.9175,67.8711,14.73
348,23.9868,69.3359,14.42
349,24.0581,71.2891,14.03
350,24.1421,83.9844,11.91
351,24.2075,65.4297,15.28
352,24.2710,63.4766,15.75
353,24.3418,70.8008,14.12
354,24.4048,62.9883,15.88
355,24.4683,63.4766,15.75
356,24.5308,62.5000,16.00
357,24.5957,64.9414,15.40
358,24.6577,62.0117,16.13
359,24.7280,70.3125,14.22
360,24.7905,62.5000,16.00
361,24.8540,63.4766,15.75
362,24.9219,67.8711,14.73
363,24.9873,65.4297,15.28
364,25.0752,87.8906,11.38
365,25.1440,68.3594,14.63
366,25.2275,83.4961,11.98
367,25.2920,64.4531,15.52
368,25.3687,76.6602,13.04
369,25.4531,84.4727,11.84
370,25.5303,77.1484,12.96
371,25.5938,63.4766,15.75
372,25.6738,80.0781,12.49
373,25.7373,63.4766,15.75
374,25.8013,63.9648,15.63
375,25.8696,68.3594,14.63
376,25.9336,63.9648,15.63
377,26.0005,66.8945,14.95
378,26.0640,63.4766,15.75
379,26.1274,63.4766,15.75
380,26.1963,68.8477,14.52
381,26.2734,77.1484,12.96
382,26.3521,78.6133,12.72
383,26.4356,83.4961,11.98
384,26.4976,62.0117,16.13
385,26.5625,64.9414,15.40
386,26.6323,69.8242,14.32
387,26.6943,62.0117,16.13
388,26.7564,62.0117,16.13
389,26.8184,62.0117,16.13
390,26.8877,69.3359,14.42
391,26.9590,71.2891,14.03
392,27.0259,66.8945,14.95
393,27.1118,85.9375,11.64
394,27.1821,70.3125,14.22
395,27.2559,73.7305,13.56
396,27.3257,69.8242,14.32
397,27.4165,90.8203,11.01
398,27.4995,83.0078,12.05
399,27.5825,83.0078,12.05
400,27.6650,82.5195,12.12
401,27.7466,81.5430,12.26
402,27.8242,77.6367,12.88
403,27.9106,86.4258,11.57
404,27.9883,77.6367,12.88
405,28.0664,78.1250,12.80
406,28.1440,77.6367,12.88
407,28.2065,62.5000,16.00
408,28.2710,64.4531,15.52
409,28.3330,62.0117,16.13
410,28.3960,62.9883,15.88
411,28.4585,62.5000,16.00
412,28.5234,64.9414,15.40
413,28.6006,77.1484,12.96
414,28.6660,65.4297,15.28
415,28.7368,70.8008,14.12
416,28.8276,90.8203,11.01
417,28.9121,84.4727,11.84
418,28.9717,59.5703,16.79
419,29.0366,64.9414,15.40
420,29.1211,84.4727,11.84
421,29.1987,77.6367,12.88
422,29.2773,78.6133,12.72
423,29.3560,78.6133,12.72
424,29.4175,61.5234,16.25
425,29.4819,64.4531,15.52
426,29.5610,79.1016,12.64
427,29.6201,59.0820,16.93
428,29.6856,65.4297,15.28
429,29.7554,69.8242,14.32
430,29.8189,63.4766,15.75
431,29.8867,67.8711,14.73
432,29.9668,80.0781,12.49
433,30.0337,66.8945,14.95
434,30.1001,66.4063,15.06
435,30.1782,78.1250,12.80
436,30.2573,79.1016,12.64
437,30.3379,80.5664,12.41
438,30.4165,78.6133,12.72
439,30.4946,78.1250,12.80
440,30.5630,68.3594,14.63
441,30.6299,66.8945,14.95
442,30.7134,83.4961,11.98
443,30.7710,57.6172,17.36
444,30.8345,63.4766,15.75
445,30.9160,81.5430,12.26
446,30.9961,80.0781,12.49
447,31.0586,62.5000,16.00
448,31.1240,65.4297,15.28
449,31.2036,79.5898,12.56
450,31.2661,62.5000,16.00
451,31.3315,65.4297,15.28
452,31.4146,83.0078,12.05
453,31.4941,79.5898,12.56
454,31.5566,62.0117,16.13
455,31.6211,64.4531,15.52
456,31.6870,65.9180,15.17
457,31.7515,64.4531,15.52
458,31.8379,86.4258,11.57
459,31.9106,72.7539,13.74
460,31.9761,65.4297,15.28
461,32.0391,62.9883,15.88
462,32.1030,63.9648,15.63
463,32.1826,79.5898,12.56
464,32.2456,62.9883,15.88
465,32.3110,65.4297,15.28
466,32.3911,80.0781,12.49
467,32.4522,61.0352,16.38
468,32.5176,65.4297,15.28
469,32.5962,78.6133,12.72
470,32.6758,79.5898,12.56
471,32.7378,62.0117,16.13
472,32.8037,65.9180,15.17
473,32.8818,78.1250,12.80
474,32.9448,62.9883,15.88
475,33.0112,66.4063,15.06
476,33.0928,81.5430,12.26
477,33.1733,80.5664,12.41
478,33.2534,80.0781,12.49
479,33.3335,80.0781,12.49
480,33.3980,64.4531,15.52
481,33.4658,67.8711,14.73
482,33.5386,72.7539,13.74
483,33.6265,87.8906,11.38
484,33.7114,84.9609,11.77
485,33.7969,85.4492,11.70
486,33.8799,83.0078,12.05
487,33.9375,57.6172,17.36
488,34.0024,64.9414,15.40
489,34.0669,64.4531,15.52
490,34.1460,79.1016,12.64
491,34.2246,78.6133,12.72
492,34.3037,79.1016,12.64
493,34.3818,78.1250,12.80
494,34.4590,77.1484,12.96
495,34.5361,77.1484,12.96
496,34.5962,60.0586,16.65
497,34.6592,62.9883,15.88
498,34.7368,77.6367,12.88
499,34.8154,78.6133,12.72
500,34.8931,77.6367,12.88
501,34.9727,79.1016,12.64
502,35.0356,62.9883,15.88
503,35.0986,62.9883,15.88
504,35.1826,83.9844,11.91
505,35.2446,62.0117,16.13
506,35.3066,62.0117,16.13
507,35.3853,78.6133,12.72
508,35.4629,77.6367,12.88
509,35.5264,63.4766,15.75
510,35.5898,63.4766,15.75
511,35.6528,62.9883,15.88
512,35.7148,62.0117,16.13
513,35.7852,70.3125,14.22
514,35.8481,62.9883,15.88
515,35.9233,75.1953,13.30
516,35.9873,63.9648,15.63
517,36.0679,80.5664,12.41
518,36.1460,78.1250,12.80
519,36.2246,78.6133,12.72
520,36.3042,79.5898,12.56
521,36.3677,63.4766,15.75
522,36.4326,64.9414,15.40
523,36.5039,71.2891,14.03
524,36.5674,63.4766,15.75
525,36.6392,71.7773,13.93
526,36.7173,78.1250,12.80
527,36.7827,65.4297,15.28
528,36.8467,63.9648,15.63
529,36.9150,68.3594,14.63
530,37.0015,86.4258,11.57
531,37.0669,65.4297,15.28
532,37.1309,63.9648,15.63
533,37.1963,65.4297,15.28
534,37.2632,66.8945,14.95
535,37.3301,66.8945,14.95
536,37.3955,65.4297,15.28
537,37.4619,66.4063,15.06
538,37.5278,65.9180,15.17
539,37.6162,88.3789,11.31
540,37.6831,66.8945,14.95
541,37.7490,65.9180,15.17
542,37.8145,65.4297,15.28
543,37.9019,87.4023,11.44
544,37.9673,65.4297,15.28
545,38.0503,83.0078,12.05
546,38.1182,67.8711,14.73
547,38.1836,65.4297,15.28
548,38.2510,67.3828,14.84
549,38.3169,65.9180,15.17
550,38.3828,65.9180,15.17
551,38.4624,79.5898,12.56
552,38.5278,65.4297,15.28
553,38.5947,66.8945,14.95
554,38.6621,67.3828,14.84
555,38.7271,64.9414,15.40
556,38.8003,73.2422,13.65
557,38.8814,81.0547,12.34
558,38.9463,64.9414,15.40
559,39.0117,65.4297,15.28
560,39.0781,66.4063,15.06
561,39.1450,66.8945,14.95
562,39.2119,66.8945,14.95
563,39.2827,70.8008,14.12
564,39.3550,72.2656,13.84
565,39.4238,68.8477,14.52
566,39.4893,65.4297,15.28
567,39.5562,66.8945,14.95
568,39.6231,66.8945,14.95
569,39.6904,67.3828,14.84
570,39.7578,67.3828,14.84
571,39.8257,67.8711,14.73
572,39.8955,69.8242,14.32
573,39.9609,65.4297,15.28
574,40.0342,73.2422,13.65
575,40.1162,82.0313,12.19
576,40.1821,65.9180,15.17
577,40.2564,74.2188,13.47
578,40.3369,80.5664,12.41
579,40.4033,66.4063,15.06
580,40.4702,66.8945,14.95
581,40.5361,65.9180,15.17
582,40.6016,65.4297,15.28
583,40.6665,64.9414,15.40
584,40.7349,68.3594,14.63
585,40.8193,84.4727,11.84
586,40.8862,66.8945,14.95
587,40.9600,73.7305,13.56
588,41.0410,81.0547,12.34
589,41.1060,64.9414,15.40
590,41.1733,67.3828,14.84
591,41.2422,68.8477,14.52
592,41.3247,82.5195,12.12
593,41.3906,65.9180,15.17
594,41.4619,71.2891,14.03
595,41.5283,66.4063,15.06
596,41.6118,83.4961,11.98
597,41.6777,65.9180,15.17
598,41.7451,67.3828,14.84
599,41.8189,73.7305,13.56
600,41.8931,74.2188,13.47
601,41.9605,67.3828,14.84
602,42.0273,66.8945,14.95
603,42.1016,74.2188,13.47
604,42.1768,75.1953,13.30
605,42.2603,83.4961,11.98
606,42.3218,61.5234,16.25
607,42.3882,66.4063,15.06
608,42.4800,91.7969,10.89
609,42.5610,81.0547,12.34
610,42.6255,64.4531,15.52
611,42.6919,66.4063,15.06
612,42.7593,67.3828,14.84
613,42.8237,64.4531,15.52
614,42.8906,66.4063,15.06
615,42.9810,90.3320,11.07
616,43.0479,66.8945,14.95
617,43.1304,82.5195,12.12
618,43.1963,65.9180,15.17
619,43.2647,68.3594,14.63
620,43.3306,65.9180,15.17
621,43.4165,85.9375,11.64
622,43.4844,67.8711,14.73
623,43.5562,71.7773,13.93
624,43.6250,68.8477,14.52
625,43.6904,65.4297,15.28
626,43.7583,67.8711,14.73
627,43.8257,67.3828,14.84
628,43.8931,67.3828,14.84
629,43.9785,85.4492,11.70
630,44.0400,61.5234,16.25
631,44.1079,67.8711,14.73
632,44.1738,65.9180,15.17
633,44.2485,74.7070,13.39
634,44.3228,74.2188,13.47
635,44.3965,73.7305,13.56
636,44.4663,69.8242,14.32
637,44.5537,87.4023,11.44
638,44.6260,72.2656,13.84
639,44.7017,75.6836,13.21
640,44.7705,68.8477,14.52
641,44.8403,69.8242,14.32
642,44.9106,70.3125,14.22
643,44.9824,71.7773,13.93
644,45.0552,72.2656,13.84
645,45.1250,69.8242,14.32
646,45.1934,68.3594,14.63
647,45.2661,72.7539,13.74
648,45.3374,71.2891,14.03
649,45.4185,81.0547,12.34
650,45.4907,72.2656,13.84
651,45.5620,71.2891,14.03
652,45.6304,68.3594,14.63
653,45.7070,76.6602,13.04
654,45.7803,73.2422,13.65
655,45.8560,75.6836,13.21
656,45.9277,71.7773,13.93
657,45.9966,68.8477,14.52
658,46.0664,69.8242,14.32
659,46.1382,71.7773,13.93
660,46.2119,73.7305,13.56
661,46.2813,69.3359,14.42
662,46.3501,68.8477,14.52
663,46.4282,78.1250,12.80
664,46.4961,67.8711,14.73
665,46.5708,74.7070,13.39
666,46.6387,67.8711,14.73
667,46.7056,66.8945,14.95
668,46.7749,69.3359,14.42
669,46.8438,68.8477,14.52
670,46.9268,83.0078,12.05
671,46.9946,67.8711,14.73
672,47.0620,67.3828,14.84
673,47.1294,67.3828,14.84
674,47.2031,73.7305,13.56
675,47.2690,65.9180,15.17
676,47.3359,66.8945,14.95
677,47.4043,68.3594,14.63
678,47.4717,67.3828,14.84
679,47.5396,67.8711,14.73
680,47.6065,66.8945,14.95
681,47.6802,73.7305,13.56
682,47.7485,68.3594,14.63
683,47.8154,66.8945,14.95
684,47.8853,69.8242,14.32
685,47.9517,66.4063,15.06
686,48.0264,74.7070,13.39
687,48.1001,73.7305,13.56
688,48.1807,80.5664,12.41
689,48.2461,65.4297,15.28
690,48.3130,66.8945,14.95
691,48.4004,87.4023,11.44
692,48.4663,65.9180,15.17
693,48.5352,68.8477,14.52
694,48.6016,66.4063,15.06
695,48.6670,65.4297,15.28
696,48.7329,65.9180,15.17
697,48.8154,82.5195,12.12
698,48.8760,60.5469,16.52
699,48.9590,83.0078,12.05
700,49.0234,64.4531,15.52
701,49.0894,65.9180,15.17
702,49.1553,65.9180,15.17
703,49.2275,72.2656,13.84
704,49.3076,80.0781,12.49
705,49.3721,64.4531,15.52
706,49.4375,65.4297,15.28
707,49.5210,83.4961,11.98
708,49.5850,63.9648,15.63
709,49.6675,82.5195,12.12
710,49.7324,64.9414,15.40
711,49.7988,66.4063,15.06
712,49.8623,63.4766,15.75
713,49.9365,74.2188,13.47
714,50.0195,83.0078,12.05
715,50.0850,65.4297,15.28
716,50.1748,89.8438,11.13
717,50.2344,59.5703,16.79
718,50.3018,66.8945,14.95
719,50.3828,81.0547,12.34
720,50.4478,64.9414,15.40
721,50.5142,66.4063,15.06
722,50.5811,66.8945,14.95
723,50.6499,68.8477,14.52
724,50.7148,64.9414,15.40
725,50.7881,73.2422,13.65
726,50.8716,83.4961,11.98
727,50.9395,67.8711,14.73
728,51.0142,74.7070,13.39
729,51.0879,73.7305,13.56
730,51.1582,70.3125,14.22
731,51.2422,83.9844,11.91
732,51.3106,68.3594,14.63
733,51.3774,66.8945,14.95
734,51.4605,83.0078,12.05
735,51.5273,66.8945,14.95
736,51.5942,66.8945,14.95
737,51.6777,83.4961,11.98
738,51.7466,68.8477,14.52
739,51.8145,67.8711,14.73
740,51.8965,82.0313,12.19
741,51.9785,82.0313,12.19
742,52.0454,66.8945,14.95
743,52.1138,68.3594,14.63
744,52.1963,82.5195,12.12
745,52.2637,67.3828,14.84
746,52.3486,84.9609,11.77
747,52.4268,78.1250,12.80
748,52.5181,91.3086,10.95
749,52.5864,68.3594,14.63
750,52.6523,65.9180,15.17
751,52.7236,71.2891,14.03
752,52.7891,65.4297,15.28
753,52.8565,67.3828,14.84
754,52.9253,68.8477,14.52
755,52.9912,65.9180,15.17
756,53.0606,69.3359,14.42
757,53.1279,67.3828,14.84
758,53.2163,88.3789,11.31
759,53.2822,65.9180,15.17
760,53.3662,83.9844,11.91
761,53.4551,88.8672,11.25
762,53.5249,69.8242,14.32
763,53.6099,84.9609,11.77
764,53.6768,66.8945,14.95
765,53.7627,85.9375,11.64
766,53.8306,67.8711,14.73
767,53.9292,98.6328,10.14
768,53.9985,69.3359,14.42
769,54.0693,70.8008,14.12
770,54.1377,68.3594,14.63
771,54.2212,83.4961,11.98
772,54.2827,61.5234,16.25
773,54.3496,66.8945,14.95
774,54.4424,92.7734,10.78
775,54.5098,67.3828,14.84
776,54.5776,67.8711,14.73
777,54.6621,84.4727,11.84
778,54.7295,67.3828,14.84
779,54.8027,73.2422,13.65
780,54.8691,66.4063,15.06
781,54.9380,68.8477,14.52
782,55.0064,68.3594,14.63
783,55.0928,86.4258,11.57
784,55.1592,66.4063,15.06
785,55.2446,85.4492,11.70
786,55.3145,69.8242,14.32
787,55.3794,64.9414,15.40
788,55.4478,68.3594,14.63
789,55.5171,69.3359,14.42
790,55.5879,70.8008,14.12
791,55.6582,70.3125,14.22
792,55.7271,68.8477,14.52
793,55.8023,75.1953,13.30
794,55.8706,68.3594,14.63
795,55.9570,86.4258,11.57
796,56.0254,68.3594,14.63
797,56.1011,75.6836,13.21
798,56.1841,83.0078,12.05
799,56.2515,67.3828,14.84
800,56.3384,86.9141,11.51
801,56.4067,68.3594,14.63
802,56.4775,70.8008,14.12
803,56.5469,69.3359,14.42
804,56.6206,73.7305,13.56
805,56.6899,69.3359,14.42
806,56.7593,69.3359,14.42
807,56.8364,77.1484,12.96
808,56.9063,69.8242,14.32
809,56.9766,70.3125,14.22
810,57.0469,70.3125,14.22
811,57.1162,69.3359,14.42
812,57.1909,74.7070,13.39
813,57.2686,77.6367,12.88
814,57.3374,68.8477,14.52
815,57.4067,69.3359,14.42
816,57.4824,75.6836,13.21
817,57.5532,70.8008,14.12
818,57.6255,72.2656,13.84
819,57.6943,68.8477,14.52
820,57.7647,70.3125,14.22
821,57.8374,72.7539,13.74
822,57.9067,69.3359,14.42
823,57.9775,70.8008,14.12
824,58.0620,84.4727,11.84
825,58.1475,85.4492,11.70
826,58.2168,69.3359,14.42
827,58.2915,74.7070,13.39
828,58.3799,88.3789,11.31
829,58.4439,63.9648,15.63
830,58.5147,70.8008,14.12
831,58.5898,75.1953,13.30
832,58.6602,70.3125,14.22
833,58.7295,69.3359,14.42
834,58.7993,69.8242,14.32
835,58.8740,74.7070,13.39
836,58.9453,71.2891,14.03
837,59.0161,70.8008,14.12
838,59.0850,68.8477,14.52
839,59.1597,74.7070,13.39
840,59.2344,74.7070,13.39
841,59.3110,76.6602,13.04
842,59.3823,71.2891,14.03
843,59.4658,83.4961,11.98
844,59.5313,65.4297,15.28
845,59.6055,74.2188,13.47
846,59.6899,84.4727,11.84
847,59.7764,86.4258,11.57
848,59.8633,86.9141,11.51
849,59.9556,92.2852,10.84
850,60.0220,66.4063,15.06
851,60.0928,70.8008,14.12
852,60.1797,86.9141,11.51
853,60.2490,69.3359,14.42
854,60.3193,70.3125,14.22
855,60.3906,71.2891,14.03
856,60.4648,74.2188,13.47
857,60.5347,69.8242,14.32
858,60.6079,73.2422,13.65
859,60.6777,69.8242,14.32
860,60.7495,71.7773,13.93
861,60.8184,68.8477,14.52
862,60.8897,71.2891,14.03
863,60.9644,74.7070,13.39
864,61.0332,68.8477,14.52
865,61.1094,76.1719,13.13
866,61.2007,91.3086,10.95
867,61.2705,69.8242,14.32
868,61.3599,89.3555,11.19
869,61.4312,71.2891,14.03
870,61.5098,78.6133,12.72
871,61.5708,61.0352,16.38
872,61.6499,79.1016,12.64
873,61.7026,52.7344,18.96
874,61.7622,59.5703,16.79
875,61.8389,76.6602,13.04
876,61.9067,67.8711,14.73
877,61.9678,61.0352,16.38
878,62.0288,61.0352,16.38
879,62.0898,61.0352,16.38
880,62.1509,61.0352,16.38
881,62.2129,62.0117,16.13
882,62.2915,78.6133,12.72
883,62.3525,61.0352,16.38
884,62.4194,66.8945,14.95
885,62.4795,60.0586,16.65
886,62.5410,61.5234,16.25
887,62.6016,60.5469,16.52
888,62.6621,60.5469,16.52
889,62.7231,61.0352,16.38
890,62.7847,61.5234,16.25
891,62.8604,75.6836,13.21
892,62.9204,60.0586,16.65
893,62.9981,77.6367,12.88
894,63.0586,60.5469,16.52
895,63.1182,59.5703,16.79
896,63.1860,67.8711,14.73
897,63.2476,61.5234,16.25
898,63.3086,61.0352,16.38
899,63.3691,60.5469,16.52
900,63.4287,59.5703,16.79
901,63.4902,61.5234,16.25
902,63.5493,59.0820,16.93
903,63.6108,61.5234,16.25
904,63.6714,60.5469,16.52
905,63.7388,66.8945,14.95
906,63.8003,61.5234,16.25
907,63.8618,61.5234,16.25
908,63.9229,61.0352,16.38
909,63.9839,61.0352,16.38
910,64.0454,61.5234,16.25
911,64.1099,64.4531,15.52
912,64.1694,59.5703,16.79
913,64.2368,67.3828,14.84
914,64.2979,61.0352,16.38
915,64.3745,76.6602,13.04
916,64.4351,60.5469,16.52
917,64.4976,62.5000,16.00
918,64.5659,68.3594,14.63
919,64.6289,62.9883,15.88
920,64.7061,77.1484,12.96
921,64.7671,61.0352,16.38
922,64.8286,61.5234,16.25
923,64.8887,60.0586,16.65
924,64.9565,67.8711,14.73
925,65.0181,61.5234,16.25
926,65.0796,61.5234,16.25
927,65.1567,77.1484,12.96
928,65.2183,61.5234,16.25
929,65.2817,63.4766,15.75
930,65.3594,77.6367,12.88
931,65.4214,62.0117,16.13
932,65.4849,63.4766,15.75
933,65.5625,77.6367,12.88
934,65.6231,60.5469,16.52
935,65.6914,68.3594,14.63
936,65.7705,79.1016,12.64
937,65.8320,61.5234,16.25
938,65.9067,74.7070,13.39
939,65.9692,62.5000,16.00
940,66.0308,61.5234,16.25
941,66.1001,69.3359,14.42
942,66.1597,59.5703,16.79
943,66.2212,61.5234,16.25
944,66.2866,65.4297,15.28
945,66.3643,77.6367,12.88
946,66.4243,60.0586,16.65
947,66.4844,60.0586,16.65
948,66.5454,61.0352,16.38
949,66.6060,60.5469,16.52
950,66.6675,61.5234,16.25
951,66.7300,62.5000,16.00
952,66.8066,76.6602,13.04
953,66.8667,60.0586,16.65
954,66.9307,63.9648,15.63
955,66.9927,62.0117,16.13
956,67.0708,78.1250,12.80
957,67.1333,62.5000,16.00
958,67.1963,62.9883,15.88
959,67.2573,61.0352,16.38
960,67.3252,67.8711,14.73
961,67.3872,62.0117,16.13
962,67.4663,79.1016,12.64
963,67.5259,59.5703,16.79
964,67.6030,77.1484,12.96
965,67.6631,60.0586,16.65
966,67.7241,61.0352,16.38
967,67.7852,61.0352,16.38
968,67.8472,62.0117,16.13
969,67.9258,78.6133,12.72
970,67.9873,61.5234,16.25
971,68.0493,62.0117,16.13
972,68.1133,63.9648,15.63
973,68.1909,77.6367,12.88
974,68.2505,59.5703,16.79
975,68.3189,68.3594,14.63
976,68.3814,62.5000,16.00
977,68.4429,61.5234,16.25
978,68.5195,76.6602,13.04
979,68.5806,61.0352,16.38
980,68.6484,67.8711,14.73
981,68.7271,78.6133,12.72
982,68.7876,60.5469,16.52
983,68.8594,71.7773,13.93
984,68.9204,61.0352,16.38
985,68.9829,62.5000,16.00
986,69.0606,77.6367,12.88
987,69.1226,62.0117,16.13
988,69.1856,62.9883,15.88
989,69.2466,61.0352,16.38
990,69.3086,62.0117,16.13
991,69.3862,77.6367,12.88
992,69.4478,61.5234,16.25
993,69.5078,60.0586,16.65
994,69.5772,69.3359,14.42
995,69.6382,61.0352,16.38
996,69.6992,61.0352,16.38
997,69.7617,62.5000,16.00
998,69.8291,67.3828,14.84
999,69.8916,62.5000,16.00
1000,69.9727,81.0547,12.34
1001,70.0493,76.6602,13.04
1002,70.1094,60.0586,16.65
1003,70.1719,62.5000,16.00
1004,70.2500,78.1250,12.80
1005,70.3110,61.0352,16.38
1006,70.3731,62.0117,16.13
1007,70.4341,61.0352,16.38
1008,70.4961,62.0117,16.13
1009,70.5581,62.0117,16.13
1010,70.6177,59.5703,16.79
1011,70.6943,76.6602,13.04
1012,70.7564,62.0117,16.13
1013,70.8257,69.3359,14.42
1014,70.8872,61.5234,16.25
1015,70.9478,60.5469,16.52
1016,71.0073,59.5703,16.79
1017,71.0781,70.8008,14.12
1018,71.1401,62.0117,16.13
1019,71.2051,64.9414,15.40
1020,71.2656,60.5469,16.52
1021,71.3281,62.5000,16.00
1022,71.4102,82.0313,12.19
1023,71.4878,77.6367,12.88
1024,71.5645,76.6602,13.04
1025,71.6411,76.6602,13.04
1026,71.7178,76.6602,13.04
1027,71.7793,61.5234,16.25
1028,71.8418,62.5000,16.00
1029,71.9038,62.0117,16.13
1030,71.9644,60.5469,16.52
1031,72.0254,61.0352,16.38
1032,72.0864,61.0352,16.38
1033,72.1504,63.9648,15.63
1034,72.2109,60.5469,16.52
1035,72.2730,62.0117,16.13
1036,72.3340,61.0352,16.38
1037,72.3965,62.5000,16.00
1038,72.4609,64.4531,15.52
1039,72.5215,60.5469,16.52
1040,72.5830,61.5234,16.25
1041,72.6514,68.3594,14.63
1042,72.7139,62.5000,16.00
1043,72.7759,62.0117,16.13
1044,72.8379,62.0117,16.13
1045,72.9053,67.3828,14.84
1046,72.9668,61.5234,16.25
1047,73.0264,59.5703,16.79
1048,73.0903,63.9648,15.63
1049,73.1665,76.1719,13.13
1050,73.2271,60.5469,16.52
1051,73.2988,71.7773,13.93
1052,73.3765,77.6367,12.88
1053,73.4375,61.0352,16.38
1054,73.5083,70.8008,14.12
1055,73.5703,62.0117,16.13
1056,73.6314,61.0352,16.38
1057,73.7100,78.6133,12.72
1058,73.7715,61.5234,16.25
1059,73.8345,62.9883,15.88
1060,73.8965,62.0117,16.13
1061,73.9585,62.0117,16.13
1062,74.0190,60.5469,16.52
1063,74.0796,60.5469,16.52
1064,74.1416,62.0117,16.13
1065,74.2036,62.0117,16.13
1066,74.2647,61.0352,16.38
1067,74.3438,79.1016,12.64
1068,74.4072,63.4766,15.75
1069,74.4692,62.0117,16.13
1070,74.5337,64.4531,15.52
1071,74.5962,62.5000,16.00
1072,74.6602,63.9648,15.63
1073,74.7393,79.1016,12.64
1074,74.8189,79.5898,12.56
1075,74.8984,79.5898,12.56
1076,74.9766,78.1250,12.80
1077,75.0386,62.0117,16.13
1078,75.1006,62.0117,16.13
1079,75.1768,76.1719,13.13
1080,75.2383,61.5234,16.25
1081,75.3062,67.8711,14.73
1082,75.3677,61.5234,16.25
1083,75.4302,62.5000,16.00
1084,75.4917,61.5234,16.25
1085,75.5542,62.5000,16.00
1086,75.6240,69.8242,14.32
1087,75.6865,62.5000,16.00
1088,75.7549,68.3594,14.63
1089,75.8369,82.0313,12.19
1090,75.8989,62.0117,16.13
1091,75.9678,68.8477,14.52
1092,76.0317,63.9648,15.63
1093,76.1108,79.1016,12.64
1094,76.1890,78.1250,12.80
1095,76.2686,79.5898,12.56
1096,76.3486,80.0781,12.49
1097,76.4111,62.5000,16.00
1098,76.4736,62.5000,16.00
1099,76.5518,78.1250,12.80
1100,76.6323,80.5664,12.41
1101,76.7109,78.6133,12.72
1102,76.7891,78.1250,12.80
1103,76.8667,77.6367,12.88
1104,76.9273,60.5469,16.52
1105,76.9898,62.5000,16.00
1106,77.0518,62.0117,16.13
1107,77.1231,71.2891,14.03
1108,77.2002,77.1484,12.96
1109,77.2778,77.6367,12.88
1110,77.3565,78.6133,12.72
1111,77.4180,61.5234,16.25
1112,77.4795,61.5234,16.25
1113,77.5410,61.5234,16.25
1114,77.6016,60.5469,16.52
1115,77.6626,61.0352,16.38
1116,77.7236,61.0352,16.38
1117,77.7856,62.0117,16.13
1118,77.8477,62.0117,16.13
1119,77.9238,76.1719,13.13
1120,77.9849,61.0352,16.38
1121,78.0542,69.3359,14.42
1122,78.1167,62.5000,16.00
1123,78.1860,69.3359,14.42
1124,78.2476,61.5234,16.25
1125,78.3106,62.9883,15.88
1126,78.3731,62.5000,16.00
1127,78.4375,64.4531,15.52
1128,78.5005,62.9883,15.88
1129,78.5625,62.0117,16.13
1130,78.6235,61.0352,16.38
1131,78.6870,63.4766,15.75
1132,78.7656,78.6133,12.72
1133,78.8442,78.6133,12.72
1134,78.9219,77.6367,12.88
1135,79.0015,79.5898,12.56
1136,79.0791,77.6367,12.88
1137,79.1563,77.1484,12.96
1138,79.2358,79.5898,12.56
1139,79.2983,62.5000,16.00
1140,79.3618,63.4766,15.75
1141,79.4399,78.1250,12.80
1142,79.5020,62.0117,16.13
1143,79.5630,61.0352,16.38
1144,79.6250,61.5234,16.25
1145,79.6885,63.4766,15.75
1146,79.7671,78.6133,12.72
1147,79.8452,78.1250,12.80
1148,79.9229,77.6367,12.88
1149,79.9849,62.0117,16.13
1150,80.0483,63.4766,15.75
1151,80.1099,61.5234,16.25
1152,80.1738,63.9648,15.63
1153,80.2529,79.1016,12.64
1154,80.3315,78.6133,12.72
1155,80.4102,78.6133,12.72
1156,80.4712,61.0352,16.38
1157,80.5327,61.5234,16.25
1158,80.5942,61.5234,16.25
1159,80.6738,79.5898,12.56
1160,80.7383,64.4531,15.52
1161,80.7998,61.5234,16.25
1162,80.8613,61.5234,16.25
1163,80.9312,69.8242,14.32
1164,80.9932,62.0117,16.13
1165,81.0723,79.1016,12.64
1166,81.1504,78.1250,12.80
1167,81.2124,62.0117,16.13
1168,81.2764,63.9648,15.63
1169,81.3389,62.5000,16.00
1170,81.4067,67.8711,14.73
1171,81.4722,65.4297,15.28
1172,81.5361,63.9648,15.63
1173,81.5977,61.5234,16.25
1174,81.6670,69.3359,14.42
1175,81.7300,62.9883,15.88
1176,81.7925,62.5000,16.00
1177,81.8633,70.8008,14.12
1178,81.9243,61.0352,16.38
1179,82.0024,78.1250,12.80
1180,82.0630,60.5469,16.52
1181,82.1299,66.8945,14.95
1182,82.1904,60.5469,16.52
1183,82.2534,62.9883,15.88
1184,82.3325,79.1016,12.64
1185,82.4106,78.1250,12.80
1186,82.4717,61.0352,16.38
1187,82.5327,61.0352,16.38
1188,82.6123,79.5898,12.56
1189,82.6743,62.0117,16.13
1190,82.7529,78.6133,12.72
1191,82.8159,62.9883,15.88
1192,82.8828,66.8945,14.95
1193,82.9443,61.5234,16.25
1194,83.0220,77.6367,12.88
1195,83.0830,61.0352,16.38
1196,83.1519,68.8477,14.52
1197,83.2295,77.6367,12.88
1198,83.2896,60.0586,16.65
1199,83.3511,61.5234,16.25
1200,83.4116,60.5469,16.52
1201,83.4912,79.5898,12.56
1202,83.5508,59.5703,16.79
1203,83.6191,68.3594,14.63
1204,83.6787,59.5703,16.79
1205,83.7398,61.0352,16.38
1206,83.8145,74.7070,13.39
1207,83.8750,60.5469,16.52
1208,83.9365,61.5234,16.25
1209,83.9956,59.0820,16.93
1210,84.0571,61.5234,16.25
1211,84.1182,61.0352,16.38
1212,84.2017,83.4961,11.98
1213,84.2622,60.5469,16.52
1214,84.3223,60.0586,16.65
1215,84.3838,61.5234,16.25
1216,84.4605,76.6602,13.04
1217,84.5220,61.5234,16.25
1218,84.5908,68.8477,14.52
1219,84.6523,61.5234,16.25
1220,84.7295,77.1484,12.96
1221,84.7905,61.0352,16.38
1222,84.8521,61.5234,16.25
1223,84.9185,66.4063,15.06
1224,84.9795,61.0352,16.38
1225,85.0410,61.5234,16.25
1226,85.1011,60.0586,16.65
1227,85.1616,60.5469,16.52
1228,85.2388,77.1484,12.96
1229,85.2993,60.5469,16.52
1230,85.3594,60.0586,16.65
1231,85.4360,76.6602,13.04
1232,85.4981,62.0117,16.13
1233,85.5664,68.3594,14.63
1234,85.6294,62.9883,15.88
1235,85.6924,62.9883,15.88
1236,85.7534,60.5469,16.52
1237,85.8198,66.4063,15.06
1238,85.8809,61.0352,16.38
1239,85.9424,61.5234,16.25
1240,86.0024,60.0586,16.65
1241,86.0640,61.5234,16.25
1242,86.1255,61.5234,16.25
1243,86.1943,68.8477,14.52
1244,86.2573,62.9883,15.88
1245,86.3203,62.9883,15.88
1246,86.3809,60.5469,16.52
1247,86.4414,60.5469,16.52
1248,86.5230,81.5430,12.26
1249,86.5840,61.0352,16.38
1250,86.6465,62.5000,16.00
1251,86.7080,61.5234,16.25
1252,86.7695,61.5234,16.25
1253,86.8315,62.0117,16.13
1254,86.8931,61.5234,16.25
1255,86.9575,64.4531,15.52
1256,87.0190,61.5234,16.25
1257,87.0796,60.5469,16.52
1258,87.1401,60.5469,16.52
1259,87.2017,61.5234,16.25
1260,87.2622,60.5469,16.52
1261,87.3403,78.1250,12.80
1262,87.4009,60.5469,16.52
1263,87.4619,61.0352,16.38
1264,87.5230,61.0352,16.38
1265,87.5981,75.1953,13.30
1266,87.6587,60.5469,16.52
1267,87.7266,67.8711,14.73
1268,87.7876,61.0352,16.38
1269,87.8477,60.0586,16.65
1270,87.9077,60.0586,16.65
1271,87.9678,60.0586,16.65
1272,88.0435,75.6836,13.21
1273,88.1035,60.0586,16.65
1274,88.1650,61.5234,16.25
1275,88.2407,75.6836,13.21
1276,88.3013,60.5469,16.52
1277,88.3799,78.6133,12.72
1278,88.4419,62.0117,16.13
1279,88.5186,76.6602,13.04
1280,88.5786,60.0586,16.65
1281,88.6401,61.5234,16.25
1282,88.7012,61.0352,16.38
1283,88.7627,61.5234,16.25
1284,88.8228,60.0586,16.65
1285,88.8843,61.5234,16.25
1286,88.9453,61.0352,16.38
1287,89.0073,62.0117,16.13
1288,89.0903,83.0078,12.05
1289,89.1514,61.0352,16.38
1290,89.2134,62.0117,16.13
1291,89.2925,79.1016,12.64
1292,89.3706,78.1250,12.80
1293,89.4492,78.6133,12.72
1294,89.5122,62.9883,15.88
1295,89.5772,64.9414,15.40
1296,89.6484,71.2891,14.03
1297,89.7188,70.3125,14.22
1298,89.8047,85.9375,11.64
1299,89.8901,85.4492,11.70
1300,89.9580,67.8711,14.73
1301,90.0195,61.5234,16.25
1302,90.0825,62.9883,15.88
1303,90.1499,67.3828,14.84
1304,90.2280,78.1250,12.80
1305,90.2871,59.0820,16.93
1306,90.3481,61.0352,16.38
1307,90.4263,78.1250,12.80
1308,90.4800,53.7109,18.62
1309,90.5430,62.9883,15.88
1310,90.6206,77.6367,12.88
1311,90.6812,60.5469,16.52
1312,90.7412,60.0586,16.65
1313,90.7993,58.1055,17.21
1314,90.8599,60.5469,16.52
1315,90.9194,59.5703,16.79
1316,90.9790,59.5703,16.79
1317,91.0425,63.4766,15.75
1318,91.1123,69.8242,14.32
1319,91.1939,81.5430,12.26
1320,91.2578,63.9648,15.63
1321,91.3369,79.1016,12.64
1322,91.4165,79.5898,12.56
1323,91.4785,62.0117,16.13
1324,91.5469,68.3594,14.63
1325,91.6289,82.0313,12.19
1326,91.6865,57.6172,17.36
1327,91.7481,61.5234,16.25
1328,91.8389,90.8203,11.01
1329,91.9190,80.0781,12.49
1330,91.9878,68.8477,14.52
1331,92.0684,80.5664,12.41
1332,92.1621,93.7500,10.67
1333,92.2500,87.8906,11.38
1334,92.3062,56.1523,17.81
1335,92.3848,78.6133,12.72
1336,92.4468,62.0117,16.13
1337,92.5234,76.6602,13.04
1338,92.6016,78.1250,12.80
1339,92.6631,61.5234,16.25
1340,92.7241,61.0352,16.38
1341,92.7969,72.7539,13.74
1342,92.8814,84.4727,11.84
1343,92.9546,73.2422,13.65
1344,93.0303,75.6836,13.21
1345,93.0962,65.9180,15.17
1346,93.1773,81.0547,12.34
1347,93.2393,62.0117,16.13
1348,93.3262,86.9141,11.51
1349,93.3887,62.5000,16.00
1350,93.4819,93.2617,10.72
1351,93.5659,83.9844,11.91
1352,93.6284,62.5000,16.00
1353,93.6904,62.0117,16.13
1354,93.7617,71.2891,14.03
1355,93.8311,69.3359,14.42
1356,93.9194,88.3789,11.31
1357,94.0059,86.4258,11.57
1358,94.0957,89.8438,11.13
1359,94.1782,82.5195,12.12
1360,94.2603,82.0313,12.19
1361,94.3315,71.2891,14.03
1362,94.4146,83.0078,12.05
1363,94.4741,59.5703,16.79
1364,94.5576,83.4961,11.98
1365,94.6206,62.9883,15.88
1366,94.6846,63.9648,15.63
1367,94.7510,66.4063,15.06
1368,94.8208,69.8242,14.32
1369,94.8867,65.9180,15.17
1370,94.9492,62.5000,16.00
1371,95.0264,77.1484,12.96
1372,95.1182,91.7969,10.89
1373,95.2080,89.8438,11.13
1374,95.2773,69.3359,14.42
1375,95.3682,90.8203,11.01
1376,95.4419,73.7305,13.56
1377,95.5293,87.4023,11.44
1378,95.5967,67.3828,14.84
1379,95.6680,71.2891,14.03
1380,95.7422,74.2188,13.47
1381,95.8076,65.4297,15.28
1382,95.8970,89.3555,11.19
1383,95.9707,73.2422,13.65
1384,96.0630,92.2852,10.84
1385,96.1514,88.3789,11.31
1386,96.2188,67.3828,14.84
1387,96.3037,84.9609,11.77
1388,96.3687,64.9414,15.40
1389,96.4370,68.3594,14.63
1390,96.5034,66.4063,15.06
1391,96.5698,66.4063,15.06
1392,96.6445,74.7070,13.39
1393,96.7290,84.4727,11.84
1394,96.7983,69.3359,14.42
1395,96.8818,83.4961,11.98
1396,96.9507,68.8477,14.52
1397,97.0381,86.9141,11.51
1398,97.1025,64.4531,15.52
1399,97.1675,64.9414,15.40
1400,97.2393,71.7773,13.93
1401,97.3013,62.0117,16.13
1402,97.3667,65.4297,15.28
1403,97.4570,90.3320,11.07
1404,97.5230,65.9180,15.17
1405,97.6045,81.5430,12.26
1406,97.6675,62.9883,15.88
1407,97.7319,64.4531,15.52
1408,97.7949,62.9883,15.88
1409,97.8652,70.3125,14.22
1410,97.9487,83.4961,11.98
1411,98.0190,70.3125,14.22
1412,98.1113,92.2852,10.84
1413,98.1968,85.4492,11.70
1414,98.2627,65.9180,15.17
1415,98.3501,87.4023,11.44
1416,98.4165,66.4063,15.06
1417,98.4878,71.2891,14.03
1418,98.5713,83.4961,11.98
1419,98.6338,62.5000,16.00
1420,98.7007,66.8945,14.95
1421,98.7905,89.8438,11.13
1422,98.8584,67.8711,14.73
1423,98.9253,66.8945,14.95
1424,98.9966,71.2891,14.03
1425,99.0815,84.9609,11.77
1426,99.1514,69.8242,14.32
1427,99.2485,97.1680,10.29
1428,99.3189,70.3125,14.22
1429,99.4067,87.8906,11.38
1430,99.4736,66.8945,14.95
1431,99.5606,86.9141,11.51
1432,99.6450,84.4727,11.84
1433,99.7129,67.8711,14.73
1434,99.7861,73.2422,13.65
1435,99.8550,68.8477,14.52
1436,99.9302,75.1953,13.30
1437,100.0005,70.3125,14.22
1438,100.0723,71.7773,13.93
1439,100.1411,68.8477,14.52
1440,100.2119,70.8008,14.12
1441,100.3027,90.8203,11.01
1442,100.3687,65.9180,15.17
1443,100.4385,69.8242,14.32
1444,100.5234,84.9609,11.77
1445,100.5933,69.3359,14.42
1446,100.6792,85.9375,11.64
1447,100.7500,70.8008,14.12
1448,100.8218,71.7773,13.93
1449,100.8936,71.7773,13.93
1450,100.9639,70.3125,14.22
1451,101.0557,91.7969,10.89
1452,101.1216,65.9180,15.17
1453,101.1885,66.8945,14.95
1454,101.2632,74.7070,13.39
1455,101.3384,75.1953,13.30
1456,101.4150,76.6602,13.04
1457,101.4800,64.9414,15.40
1458,101.5444,64.4531,15.52
1459,101.6074,62.9883,15.88
1460,101.6719,64.4531,15.52
1461,101.7432,71.2891,14.03
1462,101.8066,63.4766,15.75
1463,101.8823,75.6836,13.21
1464,101.9419,59.5703,16.79
1465,102.0015,59.5703,16.79
1466,102.0645,62.9883,15.88
1467,102.1226,58.1055,17.21
1468,102.1826,59.5703,16.79
1469,102.2427,60.0586,16.65
1470,102.3022,59.5703,16.79
1471,102.3613,59.0820,16.93
1472,102.4209,59.0820,16.93
1473,102.4810,60.0586,16.65
1474,102.5405,59.5703,16.79
1475,102.6016,61.0352,16.38
1476,102.6602,58.5938,17.07
1477,102.7212,61.0352,16.38
1478,102.7817,60.5469,16.52
1479,102.8418,60.0586,16.65
1480,102.9019,60.0586,16.65
1481,102.9619,60.0586,16.65
1482,103.0210,59.0820,16.93
1483,103.0801,59.0820,16.93
1484,103.1406,60.5469,16.52
1485,103.2007,60.0586,16.65
1486,103.2607,60.0586,16.65
1487,103.3228,62.0117,16.13
1488,103.3813,58.5938,17.07
1489,103.4414,60.0586,16.65
1490,103.5015,60.0586,16.65
1491,103.5610,59.5703,16.79
1492,103.6367,75.6836,13.21
1493,103.6968,60.0586,16.65
1494,103.7612,64.4531,15.52
1495,103.8223,61.0352,16.38
1496,103.8813,59.0820,16.93
1497,103.9414,60.0586,16.65
1498,104.0010,59.5703,16.79
1499,104.0635,62.5000,16.00
1500,104.1274,63.9648,15.63
1501,104.2036,76.1719,13.13
1502,104.2563,52.7344,18.96
1503,104.3159,59.5703,16.79
1504,104.3755,59.5703,16.79
1505,104.4419,66.4063,15.06
1506,104.5239,82.0313,12.19
1507,104.5977,73.7305,13.56
1508,104.6797,82.0313,12.19
1509,104.7397,60.0586,16.65
1510,104.8223,82.5195,12.12
1511,104.8896,67.3828,14.84
1512,104.9780,88.3789,11.31
1513,105.0381,60.0586,16.65
1514,105.1216,83.4961,11.98
1515,105.2061,84.4727,11.84
1516,105.2905,84.4727,11.84
1517,105.3569,66.4063,15.06
1518,105.4277,70.8008,14.12
1519,105.5117,83.9844,11.91
1520,105.5962,84.4727,11.84
1521,105.6826,86.4258,11.57
1522,105.7676,84.9609,11.77
1523,105.8521,84.4727,11.84
1524,105.9424,90.3320,11.07
1525,106.0332,90.8203,11.01
1526,106.1040,70.8008,14.12
1527,106.1958,91.7969,10.89
1528,106.2725,76.6602,13.04
1529,106.3491,76.6602,13.04
1530,106.4258,76.6602,13.04
1531,106.5156,89.8438,11.13
1532,106.5786,62.9883,15.88
1533,106.6494,70.8008,14.12
1534,106.7358,86.4258,11.57
1535,106.8193,83.4961,11.98
1536,106.9067,87.4023,11.44
1537,106.9761,69.3359,14.42
1538,107.0371,61.0352,16.38
1539,107.1016,64.4531,15.52
1540,107.1924,90.8203,11.01
1541,107.2759,83.4961,11.98
1542,107.3447,68.8477,14.52
1543,107.4121,67.3828,14.84
1544,107.4883,76.1719,13.13
1545,107.5610,72.7539,13.74
1546,107.6294,68.3594,14.63
1547,107.6978,68.3594,14.63
1548,107.7710,73.2422,13.65
1549,107.8486,77.6367,12.88
1550,107.9224,73.7305,13.56
1551,107.9956,73.2422,13.65
1552,108.0664,70.8008,14.12
1553,108.1348,68.3594,14.63
1554,108.2109,76.1719,13.13
1555,108.2900,79.1016,12.64
1556,108.3774,87.4023,11.44
1557,108.4473,69.8242,14.32
1558,108.5200,72.7539,13.74
1559,108.5889,68.8477,14.52
1560,108.6763,87.4023,11.44
1561,108.7451,68.8477,14.52
1562,108.8330,87.8906,11.38
1563,108.9038,70.8008,14.12
1564,108.9912,87.4023,11.44
1565,109.0601,68.8477,14.52
1566,109.1460,85.9375,11.64
1567,109.2158,69.8242,14.32
1568,109.3115,95.7031,10.45
1569,109.3809,69.3359,14.42
1570,109.4673,86.4258,11.57
1571,109.5313,63.9648,15.63
1572,109.6211,89.8438,11.13
1573,109.6865,65.4297,15.28
1574,109.7510,64.4531,15.52
1575,109.8179,66.8945,14.95
1576,109.8975,79.5898,12.56
1577,109.9624,64.9414,15.40
1578,110.0342,71.7773,13.93
1579,110.1011,66.8945,14.95
1580,110.1655,64.4531,15.52
1581,110.2300,64.4531,15.52
1582,110.2944,64.4531,15.52
1583,110.3613,66.8945,14.95
1584,110.4268,65.4297,15.28
1585,110.5073,80.5664,12.41
1586,110.5732,65.9180,15.17
1587,110.6387,65.4297,15.28
1588,110.7017,62.9883,15.88
1589,110.7686,66.8945,14.95
1590,110.8345,65.9180,15.17
1591,110.8989,64.4531,15.52
1592,110.9814,82.5195,12.12
1593,111.0464,64.9414,15.40
1594,111.1177,71.2891,14.03
1595,111.1987,81.0547,12.34
1596,111.2622,63.4766,15.75
1597,111.3276,65.4297,15.28
1598,111.4121,83.9844,11.91
1599,111.4775,65.4297,15.28
1600,111.5474,69.8242,14.32
1601,111.6133,65.9180,15.17
1602,111.6816,68.3594,14.63
1603,111.7656,83.9844,11.91
1604,111.8457,80.0781,12.49
1605,111.9263,80.5664,12.41
1606,112.0063,80.0781,12.49
1607,112.0698,63.4766,15.75
1608,112.1489,79.1016,12.64
1609,112.2148,65.9180,15.17
1610,112.2959,81.0547,12.34
1611,112.3638,67.8711,14.73
1612,112.4419,78.1250,12.80
1613,112.5107,68.8477,14.52
1614,112.5962,85.4492,11.70
1615,112.6665,70.3125,14.22
1616,112.7539,87.4023,11.44
1617,112.8276,73.7305,13.56
1618,112.9229,95.2148,10.50
1619,112.9941,71.2891,14.03
1620,113.0664,72.2656,13.84
1621,113.1396,73.2422,13.65
1622,113.2104,70.8008,14.12
1623,113.2837,73.2422,13.65
1624,113.3540,70.3125,14.22
1625,113.4312,77.1484,12.96
1626,113.5020,70.8008,14.12
1627,113.5776,75.6836,13.21
1628,113.6538,76.1719,13.13
1629,113.7251,71.2891,14.03
1630,113.7988,73.7305,13.56
1631,113.8677,68.8477,14.52
1632,113.9395,71.7773,13.93
1633,114.0112,71.7773,13.93
1634,114.1025,91.3086,10.95
1635,114.1714,68.8477,14.52
1636,114.2402,68.8477,14.52
1637,114.3140,73.7305,13.56
1638,114.3984,84.4727,11.84
1639,114.4688,70.3125,14.22
1640,114.5381,69.3359,14.42
1641,114.6138,75.1953,13.30
1642,114.6904,76.6602,13.04
1643,114.7764,85.9375,11.64
1644,114.8491,72.7539,13.74
1645,114.9238,74.7070,13.39
1646,114.9941,70.3125,14.22
1647,115.0664,72.2656,13.84
1648,115.1460,79.5898,12.56
1649,115.2188,72.7539,13.74
1650,115.2896,70.8008,14.12
1651,115.3545,64.9414,15.40
1652,115.4351,80.5664,12.41
1653,115.4971,62.0117,16.13
1654,115.5864,89.3555,11.19
1655,115.6582,71.7773,13.93
1656,115.7471,88.8672,11.25
1657,115.8193,72.2656,13.84
1658,115.8901,70.8008,14.12
1659,115.9805,90.3320,11.07
1660,116.0518,71.2891,14.03
1661,116.1245,72.7539,13.74
1662,116.1963,71.7773,13.93
1663,116.2676,71.2891,14.03
1664,116.3389,71.2891,14.03
1665,116.4126,73.7305,13.56
1666,116.4995,86.9141,11.51
1667,116.5698,70.3125,14.22
1668,116.6406,70.8008,14.12
1669,116.7178,77.1484,12.96
1670,116.7886,70.8008,14.12
1671,116.8623,73.7305,13.56
1672,116.9468,84.4727,11.84
1673,117.0171,70.3125,14.22
1674,117.0884,71.2891,14.03
1675,117.1572,68.8477,14.52
1676,117.2183,61.0352,16.38
1677,117.2974,79.1016,12.64
1678,117.3584,61.0352,16.38
1679,117.4229,64.4531,15.52
1680,117.4849,62.0117,16.13
1681,117.5474,62.5000,16.00
1682,117.6118,64.4531,15.52
1683,117.6895,77.6367,12.88
1684,117.7524,62.9883,15.88
1685,117.8330,80.5664,12.41
1686,117.8906,57.6172,17.36
1687,117.9570,66.4063,15.06
1688,118.0518,94.2383,10.61
1689,118.1216,69.8242,14.32
1690,118.1968,75.1953,13.30
1691,118.2588,62.0117,16.13
1692,118.2803,21.4844,46.55
1693,118.2832,2.9297,341.33
1694,118.2959,12.6953,78.77
1695,118.3169,20.9961,47.63
1696,118.3193,2.4414,409.60
1697,118.3311,11.7188,85.33
1698,118.3521,20.9961,47.63
1699,118.3545,2.4414,409.60
1700,118.3804,25.8789,38.64
1701,118.3823,1.9531,512.00
1702,118.4019,19.5313,51.20
1703,118.4043,2.4414,409.60
1704,118.4312,26.8555,37.24
1705,118.4331,1.9531,512.00
1706,118.4521,19.0430,52.51
1707,118.4541,1.9531,512.00
1708,118.4805,26.3672,37.93
1709,118.4824,1.9531,512.00
1710,118.5020,19.5313,51.20
1711,118.5044,2.4414,409.60
1712,118.5298,25.3906,39.38
1713,118.5317,1.9531,512.00
1714,118.5513,19.5313,51.20
1715,118.5537,2.4414,409.60
1716,118.5835,29.7852,33.57
1717,118.5859,2.4414,409.60
1718,118.6060,20.0195,49.95
1719,118.6079,1.9531,512.00
1720,118.6333,25.3906,39.38
1721,118.6353,1.9531,512.00
1722,118.6553,20.0195,49.95
1723,118.6572,1.9531,512.00
1724,118.6826,25.3906,39.38
1725,118.6846,1.9531,512.00
1726,118.7041,19.5313,51.20
1727,118.7065,2.4414,409.60
1728,118.7324,25.8789,38.64
1729,118.7339,1.4648,682.67
1730,118.7534,19.5313,51.20
1731,118.7554,1.9531,512.00
1732,118.7808,25.3906,39.38
1733,118.7827,1.9531,512.00
1734,118.8027,20.0195,49.95
1735,118.8047,1.9531,512.00
1736,118.8301,25.3906,39.38
1737,118.8320,1.9531,512.00
1738,118.8516,19.5313,51.20
1739,118.8540,2.4414,409.60
1740,118.8823,28.3203,35.31
1741,118.8843,1.9531,512.00
1742,118.9033,19.0430,52.51
1743,118.9058,2.4414,409.60
1744,118.9316,25.8789,38.64
1745,118.9336,1.9531,512.00
1746,118.9536,20.0195,49.95
1747,118.9570,3.4180,292.57
1748,118.9834,26.3672,37.93
1749,119.0405,57.1289,17.50
1750,119.0996,59.0820,16.93
1751,119.1548,55.1758,18.12
1752,119.2129,58.1055,17.21
1753,119.2876,74.7070,13.39
1754,119.3398,52.2461,19.14
1755,119.3960,56.1523,17.81
1756,119.4668,70.8008,14.12
1757,119.5293,62.5000,16.00
1758,119.6040,74.7070,13.39
1759,119.6611,57.1289,17.50
1760,119.7163,55.1758,18.12
1761,119.7729,56.6406,17.66
1762,119.8271,54.1992,18.45
1763,119.8911,63.9648,15.63
1764,119.9746,83.4961,11.98
1765,120.0361,61.5234,16.25
1766,120.1108,74.7070,13.39
1767,120.1680,57.1289,17.50
1768,120.2407,72.7539,13.74
1769,120.2964,55.6641,17.96
1770,120.3613,64.9414,15.40
1771,120.4478,86.4258,11.57
1772,120.5044,56.6406,17.66
1773,120.5703,65.9180,15.17
1774,120.6572,86.4258,11.57
1775,120.7080,50.7813,19.69
1776,120.7627,54.6875,18.29
1777,120.8501,87.4023,11.44
1778,120.9116,61.5234,16.25
1779,120.9810,69.3359,14.42
1780,121.0415,60.5469,16.52
1781,121.0986,57.1289,17.50
1782,121.1582,59.5703,16.79
1783,121.2144,56.1523,17.81
1784,121.2798,65.4297,15.28
1785,121.3389,59.0820,16.93
1786,121.3979,59.0820,16.93
1787,121.4565,58.5938,17.07
1788,121.5176,61.0352,16.38
1789,121.5762,58.5938,17.07
1790,121.6353,59.0820,16.93
1791,121.6963,61.0352,16.38
1792,121.7515,55.1758,18.12
1793,121.8179,66.4063,15.06
1794,121.8770,59.0820,16.93
1795,121.9419,64.9414,15.40
1796,122.0117,69.8242,14.32
1797,122.0908,79.1016,12.64
1798,122.1489,58.1055,17.21
1799,122.2070,58.1055,17.21
1800,122.2642,57.1289,17.50
1801,122.3208,56.6406,17.66
1802,122.3779,57.1289,17.50
1803,122.4351,57.1289,17.50
1804,122.4932,58.1055,17.21
1805,122.5542,61.0352,16.38
1806,122.6123,58.1055,17.21
1807,122.6890,76.6602,13.04
1808,122.7485,59.5703,16.79
1809,122.8062,57.6172,17.36
1810,122.8657,59.5703,16.79
1811,122.9307,64.9414,15.40
1812,123.0098,79.1016,12.64
1813,123.0737,63.9648,15.63
1814,123.1406,66.8945,14.95
1815,123.2051,64.4531,15.52
1816,123.2808,75.6836,13.21
1817,123.3491,68.3594,14.63
1818,123.4414,92.2852,10.84
1819,123.5176,76.1719,13.13
1820,123.5859,68.3594,14.63
1821,123.6611,75.1953,13.30
1822,123.7217,60.5469,16.52
1823,123.7886,66.8945,14.95
1824,123.8730,84.4727,11.84
1825,123.9365,63.4766,15.75
1826,124.0005,63.9648,15.63
1827,124.0771,76.6602,13.04
1828,124.1396,62.5000,16.00
1829,124.2056,65.9180,15.17
1830,124.2690,63.4766,15.75
1831,124.3315,62.5000,16.00
1832,124.3936,62.0117,16.13
1833,124.4658,72.2656,13.84
1834,124.5283,62.5000,16.00
1835,124.6001,71.7773,13.93
1836,124.6636,63.4766,15.75
1837,124.7344,70.8008,14.12
1838,124.8008,66.4063,15.06
1839,124.8633,62.5000,16.00
1840,124.9258,62.5000,16.00
1841,124.9893,63.4766,15.75
1842,125.0557,66.4063,15.06
1843,125.1260,70.3125,14.22
1844,125.1885,62.5000,16.00
1845,125.2715,83.0078,12.05
1846,125.3359,64.4531,15.52
1847,125.4136,77.6367,12.88
1848,125.4771,63.4766,15.75
1849,125.5454,68.3594,14.63
1850,125.6094,63.9648,15.63
1851,125.6792,69.8242,14.32
1852,125.7432,63.9648,15.63
1853,125.8105,67.3828,14.84
1854,125.8911,80.5664,12.41
1855,125.9561,64.9414,15.40
1856,126.0420,85.9375,11.64
1857,126.1050,62.9883,15.88
1858,126.1763,71.2891,14.03
1859,126.2549,78.6133,12.72
1860,126.3184,63.4766,15.75
1861,126.3975,79.1016,12.64
1862,126.4600,62.5000,16.00
1863,126.5225,62.5000,16.00
1864,126.5840,61.5234,16.25
1865,126.6533,69.3359,14.42
1866,126.7319,78.6133,12.72
1867,126.7959,63.9648,15.63
1868,126.8647,68.8477,14.52
1869,126.9287,63.9648,15.63
1870,126.9917,62.9883,15.88
1871,127.0620,70.3125,14.22
1872,127.1255,63.4766,15.75
1873,127.1919,66.4063,15.06
1874,127.2573,65.4297,15.28
1875,127.3208,63.4766,15.75
1876,127.3872,66.4063,15.06
1877,127.4492,62.0117,16.13
1878,127.5107,61.5234,16.25
1879,127.5723,61.5234,16.25
1880,127.6338,61.5234,16.25
1881,127.6948,61.0352,16.38
1882,127.7808,85.9375,11.64
1883,127.8428,62.0117,16.13
1884,127.9097,66.8945,14.95
1885,127.9727,62.9883,15.88
1886,128.0352,62.5000,16.00
1887,128.0981,62.9883,15.88
1888,128.1602,62.0117,16.13
1889,128.2261,65.9180,15.17
1890,128.2881,62.0117,16.13
1891,128.3496,61.5234,16.25
1892,128.4126,62.9883,15.88
1893,128.4736,61.0352,16.38
1894,128.5420,68.3594,14.63
1895,128.6040,62.0117,16.13
1896,128.6660,62.0117,16.13
1897,128.7275,61.5234,16.25
1898,128.8125,84.9609,11.77
1899,128.8750,62.5000,16.00
1900,128.9380,62.9883,15.88
1901,128.9990,61.0352,16.38
1902,129.0640,64.9414,15.40
1903,129.1274,63.4766,15.75
1904,129.1899,62.5000,16.00
1905,129.2515,61.5234,16.25
1906,129.3130,61.5234,16.25
1907,129.3960,83.0078,12.05
1908,129.4590,62.9883,15.88
1909,129.5371,78.1250,12.80
1910,129.6006,63.4766,15.75
1911,129.6616,61.0352,16.38
1912,129.7246,62.9883,15.88
1913,129.7866,62.0117,16.13
1914,129.8486,62.0117,16.13
1915,129.9126,63.9648,15.63
1916,129.9741,61.5234,16.25
1917,130.0430,68.8477,14.52
1918,130.1045,61.5234,16.25
1919,130.1670,62.5000,16.00
1920,130.2305,63.4766,15.75
1921,130.2930,62.5000,16.00
1922,130.3721,79.1016,12.64
1923,130.4360,63.9648,15.63
1924,130.4971,61.0352,16.38
1925,130.5762,79.1016,12.64
1926,130.6387,62.5000,16.00
1927,130.7002,61.5234,16.25
1928,130.7622,62.0117,16.13
1929,130.8242,62.0117,16.13
1930,130.8862,62.0117,16.13
1931,130.9507,64.4531,15.52
1932,131.0132,62.5000,16.00
1933,131.0923,79.1016,12.64
1934,131.1553,62.9883,15.88
1935,131.2183,62.5000,16.00
1936,131.2798,61.5234,16.25
1937,131.3457,65.9180,15.17
1938,131.4072,61.5234,16.25
1939,131.4688,61.5234,16.25
1940,131.5313,62.5000,16.00
1941,131.5933,62.0117,16.13
1942,131.6621,68.8477,14.52
1943,131.7402,78.1250,12.80
1944,131.8022,62.0117,16.13
1945,131.8633,61.0352,16.38
1946,131.9272,63.9648,15.63
1947,131.9893,62.0117,16.13
1948,132.0513,62.0117,16.13
1949,132.1138,62.5000,16.00
1950,132.1929,79.1016,12.64
1951,132.2544,61.5234,16.25
1952,132.3213,66.8945,14.95
1953,132.3833,62.0117,16.13
1954,132.4458,62.5000,16.00
1955,132.5068,61.0352,16.38
1956,132.5786,71.7773,13.93
1957,132.6411,62.5000,16.00
1958,132.7031,62.0117,16.13
1959,132.7646,61.5234,16.25
1960,132.8486,83.9844,11.91
1961,132.9097,61.0352,16.38
1962,132.9712,61.5234,16.25
1963,133.0322,61.0352,16.38
1964,133.0977,65.4297,15.28
1965,133.1602,62.5000,16.00
1966,133.2222,62.0117,16.13
1967,133.2847,62.5000,16.00
1968,133.3477,62.9883,15.88
1969,133.4194,71.7773,13.93
1970,133.4819,62.5000,16.00
1971,133.5479,65.9180,15.17
1972,133.6099,62.0117,16.13
1973,133.6709,61.0352,16.38
1974,133.7339,62.9883,15.88
1975,133.8130,79.1016,12.64
1976,133.8745,61.5234,16.25
1977,133.9365,62.0117,16.13
1978,133.9990,62.5000,16.00
1979,134.0615,62.5000,16.00
1980,134.1235,62.0117,16.13
1981,134.1860,62.5000,16.00
1982,134.2485,62.5000,16.00
1983,134.3340,85.4492,11.70
1984,134.3965,62.5000,16.00
1985,134.4614,64.9414,15.40
1986,134.5234,62.0117,16.13
1987,134.5850,61.5234,16.25
1988,134.6475,62.5000,16.00
1989,134.7090,61.5234,16.25
1990,134.7866,77.6367,12.88
1991,134.8486,62.0117,16.13
1992,134.9355,86.9141,11.51
1993,134.9971,61.5234,16.25
1994,135.0664,69.3359,14.42
1995,135.1279,61.5234,16.25
1996,135.1914,63.4766,15.75
1997,135.2529,61.5234,16.25
1998,135.3232,70.3125,14.22
1999,135.3853,62.0117,16.13
2000,135.4468,61.5234,16.25
2001,135.5132,66.4063,15.06
2002,135.5752,62.0117,16.13
2003,135.6357,60.5469,16.52
2004,135.7139,78.1250,12.80
2005,135.7759,62.0117,16.13
2006,135.8384,62.5000,16.00
2007,135.8999,61.5234,16.25
2008,135.9688,68.8477,14.52
2009,136.0322,63.4766,15.75
2010,136.0942,62.0117,16.13
2011,136.1729,78.6133,12.72
2012,136.2358,62.9883,15.88
2013,136.3003,64.4531,15.52
2014,136.3638,63.4766,15.75
2015,136.4263,62.5000,16.00
2016,136.4893,62.9883,15.88
2017,136.5518,62.5000,16.00
2018,136.6138,62.0117,16.13
2019,136.6914,77.6367,12.88
2020,136.7534,62.0117,16.13
2021,136.8330,79.5898,12.56
2022,136.8950,62.0117,16.13
2023,136.9565,61.5234,16.25
2024,137.0186,62.0117,16.13
2025,137.0801,61.5234,16.25
2026,137.1421,62.0117,16.13
2027,137.2114,69.3359,14.42
2028,137.2739,62.5000,16.00
2029,137.3364,62.5000,16.00
2030,137.3975,61.0352,16.38
2031,137.4614,63.9648,15.63
2032,137.5234,62.0117,16.13
2033,137.5854,62.0117,16.13
2034,137.6475,62.0117,16.13
2035,137.7090,61.5234,16.25
2036,137.7705,61.5234,16.25
2037,137.8311,60.5469,16.52
2038,137.8926,61.5234,16.25
2039,137.9604,67.8711,14.73
2040,138.0229,62.5000,16.00
2041,138.0845,61.5234,16.25
2042,138.1475,62.9883,15.88
2043,138.2090,61.5234,16.25
2044,138.2764,67.3828,14.84
2045,138.3384,62.0117,16.13
2046,138.3999,61.5234,16.25
2047,138.4619,62.0117,16.13
2048,138.5308,68.8477,14.52
2049,138.5938,62.9883,15.88
2050,138.6558,62.0117,16.13
2051,138.7178,62.0117,16.13
2052,138.7793,61.5234,16.25
2053,138.8452,65.9180,15.17
2054,138.9067,61.5234,16.25
2055,138.9692,62.5000,16.00
2056,139.0308,61.5234,16.25
2057,139.0908,60.0586,16.65
2058,139.1538,62.9883,15.88
2059,139.2314,77.6367,12.88
2060,139.2925,61.0352,16.38
2061,139.3555,62.9883,15.88
2062,139.4194,63.9648,15.63
2063,139.4819,62.5000,16.00
2064,139.5425,60.5469,16.52
2065,139.6113,68.8477,14.52
2066,139.6719,60.5469,16.52
2067,139.7339,62.0117,16.13
2068,139.8110,77.1484,12.96
2069,139.8726,61.5234,16.25
2070,139.9346,62.0117,16.13
2071,140.0107,76.1719,13.13
2072,140.0713,60.5469,16.52
2073,140.1523,81.0547,12.34
2074,140.2144,62.0117,16.13
2075,140.2915,77.1484,12.96
2076,140.3530,61.5234,16.25
2077,140.4194,66.4063,15.06
2078,140.4805,61.0352,16.38
2079,140.5430,62.5000,16.00
2080,140.6040,61.0352,16.38
2081,140.6660,62.0117,16.13
2082,140.7266,60.5469,16.52
2083,140.7876,61.0352,16.38
2084,140.8735,85.9375,11.64
2085,140.9346,61.0352,16.38
2086,140.9976,62.9883,15.88
2087,141.0693,71.7773,13.93
2088,141.1309,61.5234,16.25
2089,141.1934,62.5000,16.00
2090,141.2725,79.1016,12.64
2091,141.3354,62.9883,15.88
2092,141.3979,62.5000,16.00
2093,141.4609,62.9883,15.88
2094,141.5234,62.5000,16.00
2095,141.5850,61.5234,16.25
2096,141.6543,69.3359,14.42
2097,141.7158,61.5234,16.25
2098,141.7808,64.9414,15.40
2099,141.8589,78.1250,12.80
2100,141.9214,62.5000,16.00
2101,141.9834,62.0117,16.13
2102,142.0454,62.0117,16.13
2103,142.1079,62.5000,16.00
2104,142.1694,61.5234,16.25
2105,142.2402,70.8008,14.12
2106,142.3022,62.0117,16.13
2107,142.3647,62.5000,16.00
2108,142.4326,67.8711,14.73
2109,142.5054,72.7539,13.74
2110,142.5781,72.7539,13.74
2111,142.6714,93.2617,10.72
2112,142.7432,71.7773,13.93
2113,142.8335,90.3320,11.07
2114,142.9053,71.7773,13.93
2115,142.9990,93.7500,10.67
2116,143.0723,73.2422,13.65
2117,143.1641,91.7969,10.89
2118,143.2251,61.0352,16.38
2119,143.3145,89.3555,11.19
2120,143.4033,88.8672,11.25
2121,143.4941,90.8203,11.01
2122,143.5820,87.8906,11.38
2123,143.6465,64.4531,15.52
2124,143.7173,70.8008,14.12
2125,143.8042,86.9141,11.51
2126,143.8633,59.0820,16.93
2127,143.9458,82.5195,12.12
2128,144.0166,70.8008,14.12
2129,144.1089,92.2852,10.84
2130,144.1826,73.7305,13.56
2131,144.2734,90.8203,11.01
2132,144.3423,68.8477,14.52
2133,144.4331,90.8203,11.01
2134,144.5186,85.4492,11.70
2135,144.6040,85.4492,11.70
2136,144.6650,60.5469,16.52
2137,144.7529,87.8906,11.38
2138,144.8257,72.7539,13.74
2139,144.9038,78.1250,12.80
2140,144.9761,72.2656,13.84
2141,145.0703,94.2383,10.61
2142,145.1401,69.8242,14.32
2143,145.2148,74.7070,13.39
2144,145.3047,89.8438,11.13
2145,145.3750,70.3125,14.22
2146,145.4570,82.0313,12.19
2147,145.5234,66.4063,15.06
2148,145.5869,63.4766,15.75
2149,145.6538,66.8945,14.95
2150,145.7363,82.5195,12.12
2151,145.8003,63.9648,15.63
2152,145.8716,71.2891,14.03
2153,145.9360,64.4531,15.52
2154,146.0010,64.9414,15.40
2155,146.0840,83.0078,12.05
2156,146.1509,66.8945,14.95
2157,146.2168,65.9180,15.17
2158,146.2822,65.4297,15.28
2159,146.3496,67.3828,14.84
2160,146.4146,64.9414,15.40
2161,146.4810,66.4063,15.06
2162,146.5503,69.3359,14.42
2163,146.6245,74.2188,13.47
2164,146.6890,64.4531,15.52
2165,146.7720,83.0078,12.05
2166,146.8359,63.9648,15.63
2167,146.9111,75.1953,13.30
2168,146.9980,86.9141,11.51
2169,147.0864,88.3789,11.31
2170,147.1758,89.3555,11.19
2171,147.2671,91.3086,10.95
2172,147.3569,89.8438,11.13
2173,147.4316,74.7070,13.39
2174,147.5200,88.3789,11.31
2175,147.5845,64.4531,15.52
2176,147.6514,66.8945,14.95
2177,147.7188,67.3828,14.84
2178,147.8008,82.0313,12.19
2179,147.8735,72.7539,13.74
2180,147.9629,89.3555,11.19
2181,148.0459,83.0078,12.05
2182,148.1045,58.5938,17.07
2183,148.1875,83.0078,12.05
2184,148.2686,81.0547,12.34
2185,148.3521,83.4961,11.98
2186,148.4155,63.4766,15.75
2187,148.4873,71.7773,13.93
2188,148.5786,91.3086,10.95
2189,148.6709,92.2852,10.84
2190,148.7417,70.8008,14.12
2191,148.8330,91.3086,10.95
2192,148.9053,72.2656,13.84
2193,148.9985,93.2617,10.72
2194,149.0879,89.3555,11.19
2195,149.1792,91.3086,10.95
2196,149.2681,88.8672,11.25
2197,149.3579,89.8438,11.13
2198,149.4463,88.3789,11.31
2199,149.5146,68.3594,14.63
2200,149.6021,87.4023,11.44
2201,149.6895,87.4023,11.44
2202,149.7778,88.3789,11.31
2203,149.8477,69.8242,14.32
2204,149.9229,75.1953,13.30
2205,150.0161,93.2617,10.72
2206,150.0850,68.8477,14.52
2207,150.1807,95.7031,10.45
2208,150.2520,71.2891,14.03
2209,150.3467,94.7266,10.56
2210,150.4155,68.8477,14.52
2211,150.5068,91.3086,10.95
2212,150.5688,62.0117,16.13
2213,150.6680,99.1211,10.09
2214,150.7407,72.7539,13.74
2215,150.8311,90.3320,11.07
2216,150.9019,70.8008,14.12
2217,150.9927,90.8203,11.01
2218,151.0605,67.8711,14.73
2219,151.1338,73.2422,13.65
2220,151.2246,90.8203,11.01
2221,151.3169,92.2852,10.84
2222,151.3867,69.8242,14.32
2223,151.4590,72.2656,13.84
2224,151.5483,89.3555,11.19
2225,151.6401,91.7969,10.89
2226,151.7095,69.3359,14.42
2227,151.8037,94.2383,10.61
2228,151.8730,69.3359,14.42
2229,151.9648,91.7969,10.89
2230,152.0293,64.4531,15.52
2231,152.0986,69.3359,14.42
2232,152.1816,83.0078,12.05
2233,152.2651,83.4961,11.98
2234,152.3335,68.3594,14.63
2235,152.4067,73.2422,13.65
2236,152.4980,91.3086,10.95
2237,152.5889,90.8203,11.01
2238,152.6592,70.3125,14.22
2239,152.7520,92.7734,10.78
2240,152.8218,69.8242,14.32
2241,152.9141,92.2852,10.84
2242,152.9829,68.8477,14.52
2243,153.0732,90.3320,11.07
2244,153.1626,89.3555,11.19
2245,153.2544,91.7969,10.89
2246,153.3438,89.3555,11.19
2247,153.4131,69.3359,14.42
2248,153.4795,66.4063,15.06
2249,153.5576,78.1250,12.80
2250,153.6401,82.0313,12.19
2251,153.7153,75.1953,13.30
2252,153.8013,85.9375,11.64
2253,153.8838,82.5195,12.12
2254,153.9658,82.0313,12.19
2255,154.0356,69.8242,14.32
2256,154.1235,87.8906,11.38
2257,154.1899,66.4063,15.06
2258,154.2715,81.5430,12.26
2259,154.3525,81.0547,12.34
2260,154.4346,82.0313,12.19
2261,154.5171,82.5195,12.12
2262,154.5811,63.9648,15.63
2263,154.6475,66.4063,15.06
2264,154.7290,81.5430,12.26
2265,154.7983,69.3359,14.42
2266,154.8960,97.6563,10.24
2267,154.9844,88.3789,11.31
2268,155.0537,69.3359,14.42
2269,155.1450,91.3086,10.95
2270,155.2334,88.3789,11.31
2271,155.3047,71.2891,14.03
2272,155.3960,91.3086,10.95
2273,155.4834,87.4023,11.44
2274,155.5723,88.8672,11.25
2275,155.6572,84.9609,11.77
2276,155.7271,69.8242,14.32
2277,155.8174,90.3320,11.07
2278,155.8882,70.8008,14.12
2279,155.9766,88.3789,11.31
2280,156.0649,88.3789,11.31
2281,156.1533,88.3789,11.31
2282,156.2378,84.4727,11.84
2283,156.3066,68.8477,14.52
2284,156.3892,82.5195,12.12
2285,156.4697,80.5664,12.41
2286,156.5405,70.8008,14.12
2287,156.6162,75.6836,13.21
2288,156.7036,87.4023,11.44
2289,156.7686,64.9414,15.40
2290,156.8359,67.3828,14.84
2291,156.9243,88.3789,11.31
2292,157.0078,83.4961,11.98
2293,157.0698,62.0117,16.13
2294,157.1602,90.3320,11.07
2295,157.2324,72.2656,13.84
2296,157.3247,92.2852,10.84
2297,157.3965,71.7773,13.93
2298,157.4907,94.2383,10.61
2299,157.5630,72.2656,13.84
2300,157.6543,91.3086,10.95
2301,157.7446,90.3320,11.07
2302,157.8369,92.2852,10.84
2303,157.9268,89.8438,11.13
2304,158.0176,90.8203,11.01
2305,158.0913,73.7305,13.56
2306,158.1807,89.3555,11.19
2307,158.2725,91.7969,10.89
2308,158.3467,74.2188,13.47
2309,158.4399,93.2617,10.72
2310,158.5127,72.7539,13.74
2311,158.6035,90.8203,11.01
2312,158.6748,71.2891,14.03
2313,158.7476,72.7539,13.74
2314,158.8418,94.2383,10.61
2315,158.9116,69.8242,14.32
2316,159.0034,91.3086,10.95
2317,159.0649,61.5234,16.25
2318,159.1484,83.4961,11.98
2319,159.2095,61.0352,16.38
2320,159.2974,87.8906,11.38
2321,159.3643,66.8945,14.95
2322,159.4355,71.2891,14.03
2323,159.5337,98.1445,10.19
2324,159.6157,82.0313,12.19
2325,159.7002,84.4727,11.84
2326,159.7827,82.5195,12.12
2327,159.8472,64.4531,15.52
2328,159.9141,66.8945,14.95
2329,159.9902,76.1719,13.13
2330,160.0806,90.3320,11.07
2331,160.1670,85.9375,11.64
2332,160.2280,61.0352,16.38
2333,160.3179,89.8438,11.13
2334,160.4097,91.7969,10.89
2335,160.4990,89.3555,11.19
2336,160.5835,84.4727,11.84
2337,160.6704,86.9141,11.51
2338,160.7427,72.2656,13.84
2339,160.8330,90.3320,11.07
2340,160.9243,91.3086,10.95
2341,161.0205,96.1914,10.40
2342,161.1206,100.0977,9.99
2343,161.1953,74.7070,13.39
2344,161.2959,100.5859,9.94
2345,161.3687,72.7539,13.74
2346,161.4624,93.7500,10.67
2347,161.5356,73.2422,13.65
2348,161.6274,91.7969,10.89
2349,161.7012,73.7305,13.56
2350,161.7793,78.1250,12.80
2351,161.8730,93.7500,10.67
2352,161.9463,73.2422,13.65
2353,162.0396,93.2617,10.72
2354,162.1323,92.7734,10.78
2355,162.2217,89.3555,11.19
2356,162.3135,91.7969,10.89
2357,162.3862,72.7539,13.74
2358,162.4805,94.2383,10.61
2359,162.5664,85.9375,11.64
2360,162.6460,79.5898,12.56
2361,162.7095,63.4766,15.75
2362,162.7739,64.4531,15.52
2363,162.8550,81.0547,12.34
2364,162.9180,62.9883,15.88
2365,163.0010,83.0078,12.05
2366,163.0610,60.0586,16.65
2367,163.1240,62.9883,15.88
2368,163.2202,96.1914,10.40
2369,163.2852,64.9414,15.40
2370,163.3638,78.6133,12.72
2371,163.4380,74.2188,13.47
2372,163.4966,58.5938,17.07
2373,163.5669,70.3125,14.22
2374,163.6455,78.6133,12.72
2375,163.7227,77.1484,12.96
2376,163.7983,75.6836,13.21
2377,163.8745,76.1719,13.13
2378,163.9521,77.6367,12.88
2379,164.0293,77.1484,12.96
2380,164.1094,80.0781,12.49
2381,164.1934,83.9844,11.91
2382,164.2778,84.4727,11.84
2383,164.3618,83.9844,11.91
2384,164.4282,66.4063,15.06
2385,164.5068,78.6133,12.72
2386,164.5728,65.9180,15.17
2387,164.6416,68.8477,14.52
2388,164.7227,81.0547,12.34
2389,164.7891,66.4063,15.06
2390,164.8672,78.1250,12.80
2391,164.9502,83.0078,12.05
2392,165.0273,77.1484,12.96
2393,165.1045,77.1484,12.96
2394,165.1821,77.6367,12.88
2395,165.2651,83.0078,12.05
2396,165.3442,79.1016,12.64
2397,165.4277,83.4961,11.98
2398,165.5103,82.5195,12.12
2399,165.5957,85.4492,11.70
2400,165.6816,85.9375,11.64
2401,165.7656,83.9844,11.91
2402,165.8521,86.4258,11.57
2403,165.9370,84.9609,11.77
2404,166.0215,84.4727,11.84
2405,166.1045,83.0078,12.05
2406,166.1890,84.4727,11.84
2407,166.2754,86.4258,11.57
2408,166.3604,84.9609,11.77
2409,166.4438,83.4961,11.98
2410,166.5288,84.9609,11.77
2411,166.6147,85.9375,11.64
2412,166.6997,84.9609,11.77
2413,166.7842,84.4727,11.84
2414,166.8696,85.4492,11.70
2415,166.9546,84.9609,11.77
2416,167.0376,83.0078,12.05
2417,167.1216,83.9844,11.91
2418,167.2046,83.0078,12.05
2419,167.2896,84.9609,11.77
2420,167.3701,80.5664,12.41
2421,167.4536,83.4961,11.98
2422,167.5376,83.9844,11.91
2423,167.6157,78.1250,12.80
2424,167.6948,79.1016,12.64
2425,167.7725,77.6367,12.88
2426,167.8506,78.1250,12.80
2427,167.9277,77.1484,12.96
2428,168.0039,76.1719,13.13
2429,168.0830,79.1016,12.64
2430,168.1597,76.6602,13.04
2431,168.2378,78.1250,12.80
2432,168.2959,58.1055,17.21
2433,168.3594,63.4766,15.75
2434,168.4185,59.0820,16.93
2435,168.4814,62.9883,15.88
2436,168.5415,60.0586,16.65
2437,168.6064,64.9414,15.40
2438,168.6836,77.1484,12.96
2439,168.7593,75.6836,13.21
2440,168.8354,76.1719,13.13
2441,168.9009,65.4297,15.28
2442,168.9663,65.4297,15.28
2443,169.0508,84.4727,11.84
2444,169.1084,57.6172,17.36
2445,169.1743,65.9180,15.17
2446,169.2534,79.1016,12.64
2447,169.3325,79.1016,12.64
2448,169.3921,59.5703,16.79
2449,169.4648,72.7539,13.74
2450,169.5449,80.0781,12.49
2451,169.6035,58.5938,17.07
2452,169.6665,62.9883,15.88
2453,169.7339,67.3828,14.84
2454,169.7974,63.4766,15.75
2455,169.8643,66.8945,14.95
2456,169.9282,63.9648,15.63
2457,170.0054,77.1484,12.96
2458,170.0820,76.6602,13.04
2459,170.1582,76.1719,13.13
2460,170.2358,77.6367,12.88
2461,170.3125,76.6602,13.04
2462,170.3901,77.6367,12.88
2463,170.4663,76.1719,13.13
2464,170.5444,78.1250,12.80
2465,170.6211,76.6602,13.04
2466,170.6982,77.1484,12.96
2467,170.7754,77.1484,12.96
2468,170.8530,77.6367,12.88
2469,170.9292,76.1719,13.13
2470,171.0073,78.1250,12.80
2471,171.0845,77.1484,12.96
2472,171.1616,77.1484,12.96
2473,171.2388,77.1484,12.96
2474,171.3154,76.6602,13.04
2475,171.3936,78.1250,12.80
2476,171.4546,61.0352,16.38
2477,171.5195,64.9414,15.40
2478,171.5972,77.6367,12.88
2479,171.6738,76.6602,13.04
2480,171.7510,77.1484,12.96
2481,171.8281,77.1484,12.96
2482,171.9048,76.6602,13.04
2483,171.9819,77.1484,12.96
2484,172.0605,78.6133,12.72
2485,172.1191,58.5938,17.07
2486,172.1841,64.4531,15.52
2487,172.2622,78.1250,12.80
2488,172.3394,77.1484,12.96
2489,172.3994,60.0586,16.65
2490,172.4614,62.0117,16.13
2491,172.5386,77.1484,12.96
2492,172.6157,77.1484,12.96
2493,172.6953,79.5898,12.56
2494,172.7544,59.0820,16.93
2495,172.8228,68.3594,14.63
2496,172.9014,78.6133,12.72
2497,172.9771,75.6836,13.21
2498,173.0532,76.1719,13.13
2499,173.1318,78.6133,12.72
2500,173.1953,63.4766,15.75
2501,173.2593,63.9648,15.63
2502,173.3369,77.6367,12.88
2503,173.4141,77.1484,12.96
2504,173.4917,77.6367,12.88
2505,173.5698,78.1250,12.80
2506,173.6494,79.5898,12.56
2507,173.7080,58.5938,17.07
2508,173.7729,64.9414,15.40
2509,173.8511,78.1250,12.80
2510,173.9277,76.6602,13.04
2511,174.0039,76.1719,13.13
2512,174.0801,76.1719,13.13
2513,174.1455,65.4297,15.28
2514,174.2310,85.4492,11.70
2515,174.2954,64.4531,15.52
2516,174.3726,77.1484,12.96
2517,174.4507,78.1250,12.80
2518,174.5137,62.9883,15.88
2519,174.5801,66.4063,15.06
2520,174.6479,67.8711,14.73
2521,174.7148,66.8945,14.95
2522,174.8008,85.9375,11.64
2523,174.8667,65.9180,15.17
2524,174.9556,88.8672,11.25
2525,175.0146,59.0820,16.93
2526,175.0942,79.5898,12.56
2527,175.1704,76.1719,13.13
2528,175.2456,75.1953,13.30
2529,175.3032,57.6172,17.36
2530,175.3721,68.8477,14.52
2531,175.4512,79.1016,12.64
2532,175.5259,74.7070,13.39
2533,175.5845,58.5938,17.07
2534,175.6475,62.9883,15.88
2535,175.7148,67.3828,14.84
2536,175.7778,62.9883,15.88
2537,175.8530,75.1953,13.30
2538,175.9126,59.5703,16.79
2539,175.9922,79.5898,12.56
2540,176.0547,62.5000,16.00
2541,176.1147,60.0586,16.65
2542,176.1782,63.4766,15.75
2543,176.2554,77.1484,12.96
2544,176.3120,56.6406,17.66
2545,176.3735,61.5234,16.25
2546,176.4502,76.6602,13.04
2547,176.5254,75.1953,13.30
2548,176.5845,59.0820,16.93
2549,176.6479,63.4766,15.75
2550,176.7319,83.9844,11.91
2551,176.7979,65.9180,15.17
2552,176.8770,79.1016,12.64
2553,176.9385,61.5234,16.25
2554,177.0229,84.4727,11.84
2555,177.0811,58.1055,17.21
2556,177.1440,62.9883,15.88
2557,177.2212,77.1484,12.96
2558,177.2783,57.1289,17.50
2559,177.3423,63.9648,15.63
2560,177.4263,83.9844,11.91
2561,177.4849,58.5938,17.07
2562,177.5474,62.5000,16.00
2563,177.6216,74.2188,13.47
2564,177.6982,76.6602,13.04
2565,177.7568,58.5938,17.07
2566,177.8203,63.4766,15.75
2567,177.8975,77.1484,12.96
2568,177.9741,76.6602,13.04
2569,178.0581,83.9844,11.91
2570,178.1123,54.1992,18.45
2571,178.1772,64.9414,15.40
2572,178.2612,83.9844,11.91
2573,178.3213,60.0586,16.65
2574,178.3872,65.9180,15.17
2575,178.4629,75.6836,13.21
2576,178.5400,77.1484,12.96
2577,178.6060,65.9180,15.17
2578,178.6914,85.4492,11.70
2579,178.7568,65.4297,15.28
2580,178.8350,78.1250,12.80
2581,178.9126,77.6367,12.88
2582,178.9912,78.6133,12.72
2583,179.0708,79.5898,12.56
2584,179.1489,78.1250,12.80
2585,179.2271,78.1250,12.80
2586,179.3037,76.6602,13.04
2587,179.3809,77.1484,12.96
2588,179.4580,77.1484,12.96
2589,179.5405,82.5195,12.12
2590,179.6016,61.0352,16.38
2591,179.6670,65.4297,15.28
2592,179.7393,72.2656,13.84
2593,179.8247,85.4492,11.70
2594,179.8896,64.9414,15.40
2595,179.9668,77.1484,12.96
2596,180.0508,83.9844,11.91
2597,180.1172,66.4063,15.06
2598,180.1875,70.3125,14.22
2599,180.2476,60.0586,16.65
2600,180.3130,65.4297,15.28
2601,180.3906,77.6367,12.88
2602,180.4688,78.1250,12.80
2603,180.5469,78.1250,12.80
2604,180.6250,78.1250,12.80
2605,180.7031,78.1250,12.80
2606,180.7798,76.6602,13.04
2607,180.8574,77.6367,12.88
2608,180.9346,77.1484,12.96
2609,181.0132,78.6133,12.72
2610,181.0918,78.6133,12.72
2611,181.1523,60.5469,16.52
2612,181.2241,71.7773,13.93
2613,181.3027,78.6133,12.72
2614,181.3794,76.6602,13.04
2615,181.4561,76.6602,13.04
2616,181.5337,77.6367,12.88
2617,181.5947,61.0352,16.38
2618,181.6582,63.4766,15.75
2619,181.7373,79.1016,12.64
2620,181.7964,59.0820,16.93
2621,181.8638,67.3828,14.84
2622,181.9434,79.5898,12.56
2623,182.0205,77.1484,12.96
2624,182.0801,59.5703,16.79
2625,182.1445,64.4531,15.52
2626,182.2212,76.6602,13.04
2627,182.2979,76.6602,13.04
2628,182.3750,77.1484,12.96
2629,182.4360,61.0352,16.38
2630,182.5024,66.4063,15.06
2631,182.5913,88.8672,11.25
2632,182.6528,61.5234,16.25
2633,182.7339,81.0547,12.34
2634,182.7979,63.9648,15.63
2635,182.8760,78.1250,12.80
2636,182.9521,76.1719,13.13
2637,183.0293,77.1484,12.96
2638,183.1074,78.1250,12.80
2639,183.1841,76.6602,13.04
2640,183.2627,78.6133,12.72
2641,183.3394,76.6602,13.04
2642,183.4155,76.1719,13.13
2643,183.4932,77.6367,12.88
2644,183.5693,76.1719,13.13
2645,183.6465,77.1484,12.96
2646,183.7231,76.6602,13.04
2647,183.7993,76.1719,13.13
2648,183.8755,76.1719,13.13
2649,183.9536,78.1250,12.80
2650,184.0313,77.6367,12.88
2651,184.1069,75.6836,13.21
2652,184.1841,77.1484,12.96
2653,184.2603,76.1719,13.13
2654,184.3379,77.6367,12.88
2655,184.4160,78.1250,12.80
2656,184.4956,79.5898,12.56
2657,184.5718,76.1719,13.13
2658,184.6484,76.6602,13.04
2659,184.7236,75.1953,13.30
2660,184.7998,76.1719,13.13
2661,184.8760,76.1719,13.13
2662,184.9536,77.6367,12.88
2663,185.0303,76.6602,13.04
2664,185.1064,76.1719,13.13
2665,185.1836,77.1484,12.96
2666,185.2603,76.6602,13.04
2667,185.3364,76.1719,13.13
2668,185.4131,76.6602,13.04
2669,185.4897,76.6602,13.04
2670,185.5659,76.1719,13.13
2671,185.6411,75.1953,13.30
2672,185.7183,77.1484,12.96
2673,185.7959,77.6367,12.88
2674,185.8794,83.4961,11.98
2675,185.9585,79.1016,12.64
2676,186.0166,58.1055,17.21
2677,186.0845,67.8711,14.73
2678,186.1719,87.4023,11.44
2679,186.2568,84.9609,11.77
2680,186.3184,61.5234,16.25
2681,186.3828,64.4531,15.52
2682,186.4614,78.6133,12.72
2683,186.5186,57.1289,17.50
2684,186.5835,64.9414,15.40
2685,186.6670,83.4961,11.98
2686,186.7344,67.3828,14.84
2687,186.8140,79.5898,12.56
2688,186.8823,68.3594,14.63
2689,186.9561,73.7305,13.56
2690,187.0396,83.4961,11.98
2691,187.1182,78.6133,12.72
2692,187.1748,56.6406,17.66
2693,187.2524,77.6367,12.88
2694,187.3188,66.4063,15.06
2695,187.3970,78.1250,12.80
2696,187.4629,65.4297,15.28
2697,187.5449,82.0313,12.19
2698,187.6235,78.6133,12.72
2699,187.6997,76.1719,13.13
2700,187.7793,79.5898,12.56
2701,187.8633,83.9844,11.91
2702,187.9238,60.5469,16.52
2703,187.9858,62.0117,16.13
2704,188.0688,83.0078,12.05
2705,188.1323,63.4766,15.75
2706,188.2002,67.8711,14.73
2707,188.2852,84.9609,11.77
2708,188.3721,86.9141,11.51
2709,188.4331,61.0352,16.38
2710,188.5000,66.8945,14.95
2711,188.5879,87.8906,11.38
2712,188.6719,83.9844,11.91
2713,188.7334,61.5234,16.25
2714,188.7988,65.4297,15.28
2715,188.8633,64.4531,15.52
2716,188.9287,65.4297,15.28
2717,189.0112,82.5195,12.12
2718,189.0762,64.9414,15.40
2719,189.1445,68.3594,14.63
2720,189.2188,74.2188,13.47
2721,189.2798,61.0352,16.38
2722,189.3428,62.9883,15.88
2723,189.4248,82.0313,12.19
2724,189.4912,66.4063,15.06
2725,189.5605,69.3359,14.42
2726,189.6396,79.1016,12.64
2727,189.7246,84.9609,11.77
2728,189.7842,59.5703,16.79
2729,189.8506,66.4063,15.06
2730,189.9150,64.4531,15.52
2731,189.9814,66.4063,15.06
2732,190.0469,65.4297,15.28
2733,190.1108,63.9648,15.63
2734,190.1826,71.7773,13.93
2735,190.2661,83.4961,11.98
2736,190.3320,65.9180,15.17
2737,190.4146,82.5195,12.12
2738,190.4731,58.5938,17.07
2739,190.5381,64.9414,15.40
2740,190.6011,62.9883,15.88
2741,190.6641,62.9883,15.88
2742,190.7266,62.5000,16.00
2743,190.7900,63.4766,15.75
2744,190.8525,62.5000,16.00
2745,190.9170,64.4531,15.52
2746,190.9824,65.4297,15.28
2747,191.0479,65.4297,15.28
2748,191.1099,62.0117,16.13
2749,191.1748,64.9414,15.40
2750,191.2573,82.5195,12.12
2751,191.3188,61.5234,16.25
2752,191.3848,65.9180,15.17
2753,191.4478,62.9883,15.88
2754,191.5107,62.9883,15.88
2755,191.5952,84.4727,11.84
2756,191.6631,67.8711,14.73
2757,191.7446,81.5430,12.26
2758,191.8086,63.9648,15.63
2759,191.8745,65.9180,15.17
2760,191.9370,62.5000,16.00
2761,192.0054,68.3594,14.63
2762,192.0674,62.0117,16.13
2763,192.1318,64.4531,15.52
2764,192.2124,80.5664,12.41
2765,192.2759,63.4766,15.75
2766,192.3389,62.9883,15.88
2767,192.4209,82.0313,12.19
2768,192.4854,64.4531,15.52
2769,192.5503,64.9414,15.40
2770,192.6138,63.4766,15.75
2771,192.6880,74.2188,13.47
2772,192.7676,79.5898,12.56
2773,192.8306,62.9883,15.88
2774,192.8936,62.9883,15.88
2775,192.9575,63.9648,15.63
2776,193.0205,62.9883,15.88
2777,193.0903,69.8242,14.32
2778,193.1631,72.7539,13.74
2779,193.2275,64.4531,15.52
2780,193.2910,63.4766,15.75
2781,193.3730,82.0313,12.19
2782,193.4370,63.9648,15.63
2783,193.4995,62.5000,16.00
2784,193.5708,71.2891,14.03
2785,193.6367,65.9180,15.17
2786,193.6997,62.9883,15.88
2787,193.7637,63.9648,15.63
2788,193.8271,63.4766,15.75
2789,193.8901,62.9883,15.88
2790,193.9722,82.0313,12.19
2791,194.0557,83.4961,11.98
2792,194.1152,59.0820,16.93
2793,194.1807,65.4297,15.28
2794,194.2466,65.9180,15.17
2795,194.3188,72.2656,13.84
2796,194.3838,64.9414,15.40
2797,194.4482,64.4531,15.52
2798,194.5127,64.4531,15.52
2799,194.5967,83.9844,11.91
2800,194.6606,63.9648,15.63
2801,194.7251,64.4531,15.52
2802,194.7876,62.5000,16.00
2803,194.8594,71.7773,13.93
2804,194.9419,82.5195,12.12
2805,195.0063,64.4531,15.52
2806,195.0708,64.4531,15.52
2807,195.1504,79.5898,12.56
2808,195.2139,63.4766,15.75
2809,195.2959,82.0313,12.19
2810,195.3604,64.4531,15.52
2811,195.4282,67.8711,14.73
2812,195.4927,64.4531,15.52
2813,195.5728,80.0781,12.49
2814,195.6357,62.9883,15.88
2815,195.6987,62.9883,15.88
2816,195.7617,62.9883,15.88
2817,195.8330,71.2891,14.03
2818,195.8950,62.0117,16.13
2819,195.9614,66.4063,15.06
2820,196.0249,63.4766,15.75
2821,196.0869,62.0117,16.13
2822,196.1523,65.4297,15.28
2823,196.2148,62.5000,16.00
2824,196.2993,84.4727,11.84
2825,196.3643,64.9414,15.40
2826,196.4360,71.7773,13.93
2827,196.5098,73.7305,13.56
2828,196.6001,90.3320,11.07
2829,196.6606,60.5469,16.52
2830,196.7241,63.4766,15.75
2831,196.7964,72.2656,13.84
2832,196.8779,81.5430,12.26
2833,196.9399,62.0117,16.13
2834,197.0215,81.5430,12.26
2835,197.0850,63.4766,15.75
2836,197.1465,61.5234,16.25
2837,197.2100,63.4766,15.75
2838,197.2720,62.0117,16.13
2839,197.3369,64.9414,15.40
2840,197.4004,63.4766,15.75
2841,197.4619,61.5234,16.25
2842,197.5298,67.8711,14.73
2843,197.5928,62.9883,15.88
2844,197.6719,79.1016,12.64
2845,197.7324,60.5469,16.52
2846,197.8145,82.0313,12.19
2847,197.8779,63.4766,15.75
2848,197.9634,85.4492,11.70
2849,198.0288,65.4297,15.28
2850,198.1123,83.4961,11.98
2851,198.1958,83.4961,11.98
2852,198.2612,65.4297,15.28
2853,198.3267,65.4297,15.28
2854,198.3931,66.4063,15.06
2855,198.4751,82.0313,12.19
2856,198.5381,62.9883,15.88
2857,198.6113,73.2422,13.65
2858,198.6929,81.5430,12.26
2859,198.7583,65.4297,15.28
2860,198.8247,66.4063,15.06
2861,198.8955,70.8008,14.12
2862,198.9614,65.9180,15.17
2863,199.0308,69.3359,14.42
2864,199.1128,82.0313,12.19
2865,199.1782,64.9414,15.40
2866,199.2427,64.4531,15.52
2867,199.3052,62.5000,16.00
2868,199.3887,83.4961,11.98
2869,199.4839,95.2148,10.50
2870,199.5508,66.8945,14.95
2871,199.6147,63.9648,15.63
2872,199.6802,65.4297,15.28
2873,199.7495,69.3359,14.42
2874,199.8120,62.5000,16.00
2875,199.8838,71.7773,13.93
2876,199.9717,87.8906,11.38
2877,200.0581,86.4258,11.57
2878,200.1191,61.0352,16.38
2879,200.2031,83.9844,11.91
2880,200.2788,75.6836,13.21
2881,200.3638,84.9609,11.77
2882,200.4277,63.9648,15.63
2883,200.4985,70.8008,14.12
2884,200.5625,63.9648,15.63
2885,200.6265,63.9648,15.63
2886,200.6938,67.3828,14.84
2887,200.7793,85.4492,11.70
2888,200.8438,64.4531,15.52
2889,200.9082,64.4531,15.52
2890,200.9722,63.9648,15.63
2891,201.0391,66.8945,14.95
2892,201.1025,63.4766,15.75
2893,201.1670,64.4531,15.52
2894,201.2383,71.2891,14.03
2895,201.3135,75.1953,13.30
2896,201.3950,81.5430,12.26
2897,201.4790,83.9844,11.91
2898,201.5615,82.5195,12.12
2899,201.6245,62.9883,15.88
2900,201.6958,71.2891,14.03
2901,201.7783,82.5195,12.12
2902,201.8423,63.9648,15.63
2903,201.9048,62.5000,16.00
2904,201.9707,65.9180,15.17
2905,202.0337,62.9883,15.88
2906,202.1079,74.2188,13.47
2907,202.1909,83.0078,12.05
2908,202.2568,65.9180,15.17
2909,202.3213,64.4531,15.52
2910,202.4038,82.5195,12.12
2911,202.5015,97.6563,10.24
2912,202.5688,67.3828,14.84
2913,202.6323,63.4766,15.75
2914,202.7173,84.9609,11.77
2915,202.7925,75.1953,13.30
2916,202.8765,83.9844,11.91
2917,202.9507,74.2188,13.47
2918,203.0356,84.9609,11.77
2919,203.1157,80.0781,12.49
2920,203.1807,64.9414,15.40
2921,203.2441,63.4766,15.75
2922,203.3086,64.4531,15.52
2923,203.3726,63.9648,15.63
2924,203.4390,66.4063,15.06
2925,203.5029,63.9648,15.63
2926,203.5815,78.6133,12.72
2927,203.6592,77.6367,12.88
2928,203.7324,73.2422,13.65
2929,203.8320,99.6094,10.04
2930,203.8984,66.4063,15.06
2931,203.9785,80.0781,12.49
2932,204.0596,81.0547,12.34
2933,204.1284,68.8477,14.52
2934,204.1963,67.8711,14.73
2935,204.2813,84.9609,11.77
2936,204.3735,92.2852,10.84
2937,204.4702,96.6797,10.34
2938,204.5386,68.3594,14.63
2939,204.6133,74.7070,13.39
2940,204.6899,76.6602,13.04
2941,204.7749,84.9609,11.77
2942,204.8413,66.4063,15.06
2943,204.9141,72.7539,13.74
2944,204.9795,65.4297,15.28
2945,205.0474,67.8711,14.73
2946,205.1187,71.2891,14.03
2947,205.1855,66.8945,14.95
2948,205.2583,72.7539,13.74
2949,205.3364,78.1250,12.80
2950,205.4243,87.8906,11.38
2951,205.4927,68.3594,14.63
2952,205.5698,77.1484,12.96
2953,205.6587,88.8672,11.25
2954,205.7275,68.8477,14.52
2955,205.7949,67.3828,14.84
2956,205.8623,67.3828,14.84
2957,205.9287,66.4063,15.06
2958,205.9946,65.9180,15.17
2959,206.0596,64.9414,15.40
2960,206.1230,63.4766,15.75
2961,206.1875,64.4531,15.52
2962,206.2515,63.9648,15.63
2963,206.3345,83.0078,12.05
2964,206.4146,80.0781,12.49
2965,206.4810,66.4063,15.06
2966,206.5464,65.4297,15.28
2967,206.6245,78.1250,12.80
2968,206.7114,86.9141,11.51
2969,206.7954,83.9844,11.91
2970,206.8677,72.2656,13.84
2971,206.9575,89.8438,11.13
2972,207.0259,68.3594,14.63
2973,207.0913,65.4297,15.28
2974,207.1665,75.1953,13.30
2975,207.2417,75.1953,13.30
2976,207.3052,63.4766,15.75
2977,207.3667,61.5234,16.25
2978,207.4282,61.5234,16.25
2979,207.4937,65.4297,15.28
2980,207.5659,72.2656,13.84
2981,207.6304,64.4531,15.52
2982,207.6958,65.4297,15.28
2983,207.7632,67.3828,14.84
2984,207.8423,79.1016,12.64
2985,207.9058,63.4766,15.75
2986,207.9800,74.2188,13.47
2987,208.0610,81.0547,12.34
2988,208.1265,65.4297,15.28
2989,208.1978,71.2891,14.03
2990,208.2700,72.2656,13.84
2991,208.3521,82.0313,12.19
2992,208.4214,69.3359,14.42
2993,208.4907,69.3359,14.42
2994,208.5601,69.3359,14.42
2995,208.6294,69.3359,14.42
2996,208.7007,71.2891,14.03
2997,208.7866,85.9375,11.64
2998,208.8853,98.6328,10.14
2999,208.9849,99.6094,10.04
3000,209.0835,98.6328,10.14
3001,209.1860,102.5391,9.75
3002,209.2759,89.8438,11.13
3003,209.3491,73.2422,13.65
3004,209.4409,91.7969,10.89
3005,209.5161,75.1953,13.30
3006,209.5962,80.0781,12.49
3007,209.6665,70.3125,14.22
3008,209.7329,66.4063,15.06
3009,209.8228,89.8438,11.13
3010,209.8950,72.2656,13.84
3011,209.9849,89.8438,11.13
3012,210.0571,72.2656,13.84
3013,210.1509,93.7500,10.67
3014,210.2378,86.9141,11.51
3015,210.3062,68.3594,14.63
3016,210.3784,72.2656,13.84
3017,210.4624,83.9844,11.91
3018,210.5278,64.4531,15.52
3019,210.6011,73.2422,13.65
3020,210.6704,69.3359,14.42
3021,210.7495,79.1016,12.64
3022,210.8315,82.0313,12.19
3023,210.9146,83.0078,12.05
3024,210.9761,60.5469,16.52
3025,211.0444,68.3594,14.63
3026,211.1274,83.0078,12.05
3027,211.2114,83.9844,11.91
3028,211.2788,67.3828,14.84
3029,211.3481,69.3359,14.42
3030,211.4243,76.1719,13.13
3031,211.4917,67.3828,14.84
3032,211.5571,65.4297,15.28
3033,211.6431,85.9375,11.64
3034,211.7124,69.3359,14.42
3035,211.7866,74.2188,13.47
3036,211.8560,69.3359,14.42
3037,211.9263,70.3125,14.22
3038,211.9937,67.3828,14.84
3039,212.0649,71.2891,14.03
3040,212.1519,86.9141,11.51
3041,212.2183,66.4063,15.06
3042,212.3179,99.6094,10.04
3043,212.3892,71.2891,14.03
3044,212.4771,87.8906,11.38
3045,212.5474,70.3125,14.22
3046,212.6440,96.6797,10.34
3047,212.7095,65.4297,15.28
3048,212.7778,68.3594,14.63
3049,212.8608,83.0078,12.05
3050,212.9272,66.4063,15.06
3051,213.0034,76.1719,13.13
3052,213.0854,82.0313,12.19
3053,213.1538,68.3594,14.63
3054,213.2554,101.5625,9.85
3055,213.3364,81.0547,12.34
3056,213.4292,92.7734,10.78
3057,213.5015,72.2656,13.84
3058,213.5737,72.2656,13.84
3059,213.6470,73.2422,13.65
3060,213.7183,71.2891,14.03
3061,213.8169,97.6563,10.24
3062,213.8931,76.1719,13.13
3063,213.9907,97.6563,10.24
3064,214.0640,73.2422,13.65
3065,214.1675,103.5156,9.66
3066,214.2476,80.0781,12.49
3067,214.3491,101.5625,9.85
3068,214.4468,97.6563,10.24
3069,214.5239,77.1484,12.96
3070,214.6274,103.5156,9.66
3071,214.7046,77.1484,12.96
3072,214.7974,92.7734,10.78
3073,214.8765,79.1016,12.64
3074,214.9565,80.0781,12.49
3075,215.0103,53.7109,18.62
3076,215.0708,60.5469,16.52
3077,215.1567,85.9375,11.64
3078,215.2173,60.5469,16.52
3079,215.3013,83.9844,11.91
3080,215.3560,54.6875,18.29
3081,215.4185,62.5000,16.00
3082,215.4966,78.1250,12.80
3083,215.5571,60.5469,16.52
3084,215.6206,63.4766,15.75
3085,215.6782,57.6172,17.36
3086,215.7554,77.1484,12.96
3087,215.8169,61.5234,16.25
3088,215.8833,66.4063,15.06
3089,215.9438,60.5469,16.52
3090,216.0015,57.6172,17.36
3091,216.0620,60.5469,16.52
3092,216.1206,58.5938,17.07
3093,216.1802,59.5703,16.79
3094,216.2554,75.1953,13.30
3095,216.3140,58.5938,17.07
3096,216.3755,61.5234,16.25
3097,216.4370,61.5234,16.25
3098,216.4976,60.5469,16.52
3099,216.5571,59.5703,16.79
3100,216.6187,61.5234,16.25
3101,216.6782,59.5703,16.79
3102,216.7388,60.5469,16.52
3103,216.7974,58.5938,17.07
3104,216.8579,60.5469,16.52
3105,216.9185,60.5469,16.52
3106,216.9800,61.5234,16.25
3107,217.0396,59.5703,16.79
3108,217.1147,75.1953,13.30
3109,217.1743,59.5703,16.79
3110,217.2524,78.1250,12.80
3111,217.3286,76.1719,13.13
3112,217.3901,61.5234,16.25
3113,217.4497,59.5703,16.79
3114,217.5259,76.1719,13.13
3115,217.5864,60.5469,16.52
3116,217.6470,60.5469,16.52
3117,217.7056,58.5938,17.07
3118,217.7661,60.5469,16.52
3119,217.8276,61.5234,16.25
3120,217.8901,62.5000,16.00
3121,217.9673,77.1484,12.96
3122,218.0269,59.5703,16.79
3123,218.0854,58.5938,17.07
3124,218.1450,59.5703,16.79
3125,218.2046,59.5703,16.79
3126,218.2642,59.5703,16.79
3127,218.3257,61.5234,16.25
3128,218.3843,58.5938,17.07
3129,218.4448,60.5469,16.52
3130,218.5063,61.5234,16.25
3131,218.5659,59.5703,16.79
3132,218.6265,60.5469,16.52
3133,218.6880,61.5234,16.25
3134,218.7485,60.5469,16.52
3135,218.8071,58.5938,17.07
3136,218.8687,61.5234,16.25
3137,218.9438,75.1953,13.30
3138,219.0044,60.5469,16.52
3139,219.0815,77.1484,12.96
3140,219.1421,60.5469,16.52
3141,219.1997,57.6172,17.36
3142,219.2749,75.1953,13.30
3143,219.3345,59.5703,16.79
3144,219.4106,76.1719,13.13
3145,219.4702,59.5703,16.79
3146,219.5288,58.5938,17.07
3147,219.5874,58.5938,17.07
3148,219.6460,58.5938,17.07
3149,219.7065,59.5703,16.79
3150,219.7798,73.2422,13.65
3151,219.8394,59.5703,16.79
3152,219.9165,77.1484,12.96
3153,219.9780,61.5234,16.25
3154,220.0552,77.1484,12.96
3155,220.1089,53.7109,18.62
3156,220.1694,60.5469,16.52
3157,220.2476,78.1250,12.80
3158,220.3071,59.5703,16.79
3159,220.3735,66.4063,15.06
3160,220.4321,58.5938,17.07
3161,220.5083,75.1953,13.30
3162,220.5679,59.5703,16.79
3163,220.6274,59.5703,16.79
3164,220.6899,62.5000,16.00
3165,220.7632,73.2422,13.65
3166,220.8218,58.5938,17.07
3167,220.8970,75.1953,13.30
3168,220.9575,60.5469,16.52
3169,221.0190,61.5234,16.25
3170,221.0923,73.2422,13.65
3171,221.1519,59.5703,16.79
3172,221.2134,61.5234,16.25
3173,221.2886,75.1953,13.30
3174,221.3491,60.5469,16.52
3175,221.4214,72.2656,13.84
3176,221.4800,58.5938,17.07
3177,221.5396,59.5703,16.79
3178,221.6138,74.2188,13.47
3179,221.6870,73.2422,13.65
3180,221.7476,60.5469,16.52
3181,221.8052,57.6172,17.36
3182,221.8706,65.4297,15.28
3183,221.9302,59.5703,16.79
3184,221.9897,59.5703,16.79
3185,222.0659,76.1719,13.13
3186,222.1245,58.5938,17.07
3187,222.1821,57.6172,17.36
3188,222.2456,63.4766,15.75
3189,222.3052,59.5703,16.79
3190,222.3638,58.5938,17.07
3191,222.4214,57.6172,17.36
3192,222.4878,66.4063,15.06
3193,222.5454,57.6172,17.36
3194,222.6040,58.5938,17.07
3195,222.6626,58.5938,17.07
3196,222.7222,59.5703,16.79
3197,222.7808,58.5938,17.07
3198,222.8560,75.1953,13.30
3199,222.9312,75.1953,13.30
3200,222.9907,59.5703,16.79
3201,223.0483,57.6172,17.36
3202,223.1147,66.4063,15.06
3203,223.1880,73.2422,13.65
3204,223.2476,59.5703,16.79
3205,223.3062,58.5938,17.07
3206,223.3823,76.1719,13.13
3207,223.4409,58.5938,17.07
3208,223.5024,61.5234,16.25
3209,223.5610,58.5938,17.07
3210,223.6206,59.5703,16.79
3211,223.6812,60.5469,16.52
3212,223.7397,58.5938,17.07
3213,223.7993,59.5703,16.79
3214,223.8579,58.5938,17.07
3215,223.9165,58.5938,17.07
3216,223.9751,58.5938,17.07
3217,224.0356,60.5469,16.52
3218,224.1089,73.2422,13.65
3219,224.1685,59.5703,16.79
3220,224.2427,74.2188,13.47
3221,224.3013,58.5938,17.07
3222,224.3599,58.5938,17.07
3223,224.4194,59.5703,16.79
3224,224.4790,59.5703,16.79
3225,224.5396,60.5469,16.52
3226,224.5981,58.5938,17.07
3227,224.6567,58.5938,17.07
3228,224.7173,60.5469,16.52
3229,224.7778,60.5469,16.52
3230,224.8374,59.5703,16.79
3231,224.8970,59.5703,16.79
3232,224.9575,60.5469,16.52
3233,225.0171,59.5703,16.79
3234,225.0776,60.5469,16.52
3235,225.1382,60.5469,16.52
3236,225.1978,59.5703,16.79
3237,225.2583,60.5469,16.52
3238,225.3179,59.5703,16.79
3239,225.3765,58.5938,17.07
3240,225.4399,63.4766,15.75
3241,225.4985,58.5938,17.07
3242,225.5737,75.1953,13.30
3243,225.6499,76.1719,13.13
3244,225.7085,58.5938,17.07
3245,225.7847,76.1719,13.13
3246,225.8433,58.5938,17.07
3247,225.9038,60.5469,16.52
3248,225.9634,59.5703,16.79
3249,226.0229,59.5703,16.79
3250,226.0815,58.5938,17.07
3251,226.1577,76.1719,13.13
3252,226.2183,60.5469,16.52
3253,226.2778,59.5703,16.79
3254,226.3374,59.5703,16.79
3255,226.3970,59.5703,16.79
3256,226.4575,60.5469,16.52
3257,226.5161,58.5938,17.07
3258,226.5786,62.5000,16.00
3259,226.6528,74.2188,13.47
3260,226.7290,76.1719,13.13
3261,226.7886,59.5703,16.79
3262,226.8481,59.5703,16.79
3263,226.9067,58.5938,17.07
3264,226.9819,75.1953,13.30
3265,227.0415,59.5703,16.79
3266,227.1021,60.5469,16.52
3267,227.1606,58.5938,17.07
3268,227.2202,59.5703,16.79
3269,227.2788,58.5938,17.07
3270,227.3394,60.5469,16.52
3271,227.4126,73.2422,13.65
3272,227.4731,60.5469,16.52
3273,227.5415,68.3594,14.63
3274,227.6245,83.0078,12.05
3275,227.6938,69.3359,14.42
3276,227.7778,83.9844,11.91
3277,227.8657,87.8906,11.38
3278,227.9272,61.5234,16.25
3279,227.9897,62.5000,16.00
3280,228.0532,63.4766,15.75
3281,228.1226,69.3359,14.42
3282,228.2104,87.8906,11.38
3283,228.2778,67.3828,14.84
3284,228.3618,83.9844,11.91
3285,228.4360,74.2188,13.47
3286,228.5337,97.6563,10.24
3287,228.6001,66.4063,15.06
3288,228.6694,69.3359,14.42
3289,228.7407,71.2891,14.03
3290,228.8257,84.9609,11.77
3291,228.8872,61.5234,16.25
3292,228.9507,63.4766,15.75
3293,229.0122,61.5234,16.25
3294,229.0933,81.0547,12.34
3295,229.1567,63.4766,15.75
3296,229.2222,65.4297,15.28
3297,229.3003,78.1250,12.80
3298,229.3608,60.5469,16.52
3299,229.4351,74.2188,13.47
3300,229.5171,82.0313,12.19
3301,229.5796,62.5000,16.00
3302,229.6421,62.5000,16.00
3303,229.7065,64.4531,15.52
3304,229.7847,78.1250,12.80
3305,229.8462,61.5234,16.25
3306,229.9106,64.4531,15.52
3307,229.9741,63.4766,15.75
3308,230.0474,73.2422,13.65
3309,230.1362,88.8672,11.25
3310,230.2183,82.0313,12.19
3311,230.2798,61.5234,16.25
3312,230.3452,65.4297,15.28
3313,230.4067,61.5234,16.25
3314,230.4673,60.5469,16.52
3315,230.5288,60.5469,16.52
3316,230.5933,64.4531,15.52
3317,230.6558,62.5000,16.00
3318,230.7271,71.2891,14.03
3319,230.8032,76.1719,13.13
3320,230.8970,93.7500,10.67
3321,230.9712,74.2188,13.47
3322,231.0405,69.3359,14.42
3323,231.1050,64.4531,15.52
3324,231.1880,83.0078,12.05
3325,231.2788,90.8203,11.01
3326,231.3647,85.9375,11.64
3327,231.4272,62.5000,16.00
3328,231.4907,63.4766,15.75
3329,231.5562,65.4297,15.28
3330,231.6196,63.4766,15.75
3331,231.6812,61.5234,16.25
3332,231.7446,63.4766,15.75
3333,231.8228,78.1250,12.80
3334,231.8999,77.1484,12.96
3335,231.9907,90.8203,11.01
3336,232.0591,68.3594,14.63
3337,232.1401,81.0547,12.34
3338,232.2271,85.9375,11.64
3339,232.2886,61.5234,16.25
3340,232.3579,69.3359,14.42
3341,232.4370,79.1016,12.64
3342,232.4985,61.5234,16.25
3343,232.5698,71.2891,14.03
3344,232.6509,81.0547,12.34
3345,232.7271,76.1719,13.13
3346,232.8228,95.7031,10.45
3347,232.8979,75.1953,13.30
3348,232.9819,83.9844,11.91
3349,233.0464,64.4531,15.52
3350,233.1118,65.4297,15.28
3351,233.1743,62.5000,16.00
3352,233.2437,69.3359,14.42
3353,233.3198,76.1719,13.13
3354,233.4038,83.9844,11.91
3355,233.4712,67.3828,14.84
3356,233.5562,84.9609,11.77
3357,233.6196,63.4766,15.75
3358,233.6841,64.4531,15.52
3359,233.7466,62.5000,16.00
3360,233.8228,76.1719,13.13
3361,233.9146,91.7969,10.89
3362,233.9849,70.3125,14.22
3363,234.0474,62.5000,16.00
3364,234.1196,72.2656,13.84
3365,234.2026,83.0078,12.05
3366,234.2603,57.6172,17.36
3367,234.3267,66.4063,15.06
3368,234.3892,62.5000,16.00
3369,234.4731,83.9844,11.91
3370,234.5669,93.7500,10.67
3371,234.6353,68.3594,14.63
3372,234.7036,68.3594,14.63
3373,234.7661,62.5000,16.00
3374,234.8472,81.0547,12.34
3375,234.9429,95.7031,10.45
3376,235.0298,86.9141,11.51
3377,235.1177,87.8906,11.38
3378,235.2017,83.9844,11.91
3379,235.2690,67.3828,14.84
3380,235.3315,62.5000,16.00
3381,235.3989,67.3828,14.84
3382,235.4653,66.4063,15.06
3383,235.5347,69.3359,14.42
3384,235.6431,108.3984,9.23
3385,235.7114,68.3594,14.63
3386,235.7954,83.9844,11.91
3387,235.8843,88.8672,11.25
3388,235.9478,63.4766,15.75
3389,236.0288,81.0547,12.34
3390,236.1216,92.7734,10.78
3391,236.1899,68.3594,14.63
3392,236.2769,86.9141,11.51
3393,236.3638,86.9141,11.51
3394,236.4263,62.5000,16.00
3395,236.4917,65.4297,15.28
3396,236.5737,82.0313,12.19
3397,236.6548,81.0547,12.34
3398,236.7153,60.5469,16.52
3399,236.7905,75.1953,13.30
3400,236.8911,100.5859,9.94
3401,236.9595,68.3594,14.63
3402,237.0405,81.0547,12.34
3403,237.1030,62.5000,16.00
3404,237.1724,69.3359,14.42
3405,237.2388,66.4063,15.06
3406,237.3042,65.4297,15.28
3407,237.3696,65.4297,15.28
3408,237.4458,76.1719,13.13
3409,237.5435,97.6563,10.24
3410,237.6089,65.4297,15.28
3411,237.6958,86.9141,11.51
3412,237.7544,58.5938,17.07
3413,237.8208,66.4063,15.06
3414,237.8901,69.3359,14.42
3415,237.9810,90.8203,11.01
3416,238.0483,67.3828,14.84
3417,238.1196,71.2891,14.03
3418,238.2007,81.0547,12.34
3419,238.2856,84.9609,11.77
3420,238.3696,83.9844,11.91
3421,238.4272,57.6172,17.36
3422,238.4927,65.4297,15.28
3423,238.5601,67.3828,14.84
3424,238.6421,82.0313,12.19
3425,238.7397,97.6563,10.24
3426,238.7964,56.6406,17.66
3427,238.8911,94.7266,10.56
3428,238.9556,64.4531,15.52
3429,239.0210,65.4297,15.28
3430,239.0854,64.4531,15.52
3431,239.1509,65.4297,15.28
3432,239.2183,67.3828,14.84
3433,239.2993,81.0547,12.34
3434,239.3804,81.0547,12.34
3435,239.4438,63.4766,15.75
3436,239.5112,67.3828,14.84
3437,239.5776,66.4063,15.06
3438,239.6519,74.2188,13.47
3439,239.7466,94.7266,10.56
3440,239.8120,65.4297,15.28
3441,239.8960,83.9844,11.91
3442,239.9897,93.7500,10.67
3443,240.0581,68.3594,14.63
3444,240.1421,83.9844,11.91
3445,240.2065,64.4531,15.52
3446,240.2710,64.4531,15.52
3447,240.3423,71.2891,14.03
3448,240.4048,62.5000,16.00
3449,240.4702,65.4297,15.28
3450,240.5337,63.4766,15.75
3451,240.5991,65.4297,15.28
3452,240.6646,65.4297,15.28
3453,240.7310,66.4063,15.06
3454,240.8149,83.9844,11.91
3455,240.8794,64.4531,15.52
3456,240.9438,64.4531,15.52
3457,241.0103,66.4063,15.06
3458,241.0815,71.2891,14.03
3459,241.1714,89.8438,11.13
3460,241.2310,59.5703,16.79
3461,241.3052,74.2188,13.47
3462,241.4048,99.6094,10.04
3463,241.5044,99.6094,10.04
3464,241.5981,93.7500,10.67
3465,241.6636,65.4297,15.28
3466,241.7271,63.4766,15.75
3467,241.7925,65.4297,15.28
3468,241.8560,63.4766,15.75
3469,241.9204,64.4531,15.52
3470,242.0024,82.0313,12.19
3471,242.1011,98.6328,10.14
3472,242.1870,85.9375,11.64
3473,242.2534,66.4063,15.06
3474,242.3364,83.0078,12.05
3475,242.4399,103.5156,9.66
3476,242.5181,78.1250,12.80
3477,242.6060,87.8906,11.38
3478,242.6704,64.4531,15.52
3479,242.7397,69.3359,14.42
3480,242.8091,69.3359,14.42
3481,242.8735,64.4531,15.52
3482,242.9517,78.1250,12.80
3483,243.0601,108.3984,9.23
3484,243.1255,65.4297,15.28
3485,243.2104,84.9609,11.77
3486,243.2847,74.2188,13.47
3487,243.3696,84.9609,11.77
3488,243.4546,84.9609,11.77
3489,243.5376,83.0078,12.05
3490,243.6001,62.5000,16.00
3491,243.6714,71.2891,14.03
3492,243.7437,72.2656,13.84
3493,243.8071,63.4766,15.75
3494,243.8716,64.4531,15.52
3495,243.9429,71.2891,14.03
3496,244.0083,65.4297,15.28
3497,244.0747,66.4063,15.06
3498,244.1401,65.4297,15.28
3499,244.2358,95.7031,10.45
3500,244.3003,64.4531,15.52
3501,244.3813,81.0547,12.34
3502,244.4468,65.4297,15.28
3503,244.5269,80.0781,12.49
3504,244.6353,108.3984,9.23
3505,244.7378,102.5391,9.75
3506,244.8179,80.0781,12.49
3507,244.9097,91.7969,10.89
3508,245.0103,100.5859,9.94
3509,245.0737,63.4766,15.75
3510,245.1616,87.8906,11.38
3511,245.2231,61.5234,16.25
3512,245.2896,66.4063,15.06
3513,245.3774,87.8906,11.38
3514,245.4468,69.3359,14.42
3515,245.5142,67.3828,14.84
3516,245.5845,70.3125,14.22
3517,245.6558,71.2891,14.03
3518,245.7485,92.7734,10.78
3519,245.8491,100.5859,9.94
3520,245.9390,89.8438,11.13
3521,246.0376,98.6328,10.14
3522,246.1089,71.2891,14.03
3523,246.1978,88.8672,11.25
3524,246.2827,84.9609,11.77
3525,246.3765,93.7500,10.67
3526,246.4585,82.0313,12.19
3527,246.5229,64.4531,15.52
3528,246.5933,70.3125,14.22
3529,246.6782,84.9609,11.77
3530,246.7437,65.4297,15.28
3531,246.8120,68.3594,14.63
3532,246.8901,78.1250,12.80
3533,246.9731,83.0078,12.05
3534,247.0405,67.3828,14.84
3535,247.1362,95.7031,10.45
3536,247.2280,91.7969,10.89
3537,247.2983,70.3125,14.22
3538,247.3823,83.9844,11.91
3539,247.4653,83.0078,12.05
3540,247.5327,67.3828,14.84
3541,247.6157,83.0078,12.05
3542,247.7153,99.6094,10.04
3543,247.7827,67.3828,14.84
3544,247.8540,71.2891,14.03
3545,247.9243,70.3125,14.22
3546,248.0103,85.9375,11.64
3547,248.1089,98.6328,10.14
3548,248.1675,58.5938,17.07
3549,248.2515,83.9844,11.91
3550,248.3208,69.3359,14.42
3551,248.3970,76.1719,13.13
3552,248.4868,89.8438,11.13
3553,248.5581,71.2891,14.03
3554,248.6411,83.0078,12.05
3555,248.7085,67.3828,14.84
3556,248.7749,66.4063,15.06
3557,248.8462,71.2891,14.03
3558,248.9126,66.4063,15.06
3559,248.9790,66.4063,15.06
3560,249.0454,66.4063,15.06
3561,249.1147,69.3359,14.42
3562,249.1802,65.4297,15.28
3563,249.2476,67.3828,14.84
3564,249.3257,78.1250,12.80
3565,249.4233,97.6563,10.24
3566,249.4907,67.3828,14.84
3567,249.5806,89.8438,11.13
3568,249.6782,97.6563,10.24
3569,249.7544,76.1719,13.13
3570,249.8403,85.9375,11.64
3571,249.9038,63.4766,15.75
3572,249.9692,65.4297,15.28
3573,250.0337,64.4531,15.52
3574,250.1069,73.2422,13.65
3575,250.1880,81.0547,12.34
3576,250.2505,62.5000,16.00
3577,250.3140,63.4766,15.75
3578,250.3774,63.4766,15.75
3579,250.4448,67.3828,14.84
3580,250.5229,78.1250,12.80
3581,250.6177,94.7266,10.56
3582,250.6851,67.3828,14.84
3583,250.7485,63.4766,15.75
3584,250.8228,74.2188,13.47
3585,250.9214,98.6328,10.14
3586,250.9907,69.3359,14.42
3587,251.0698,79.1016,12.64
3588,251.1431,73.2422,13.65
3589,251.2065,63.4766,15.75
3590,251.2944,87.8906,11.38
3591,251.3599,65.4297,15.28
3592,251.4409,81.0547,12.34
3593,251.5044,63.4766,15.75
3594,251.5903,85.9375,11.64
3595,251.6528,62.5000,16.00
3596,251.7241,71.2891,14.03
3597,251.7876,63.4766,15.75
3598,251.8628,75.1953,13.30
3599,251.9478,84.9609,11.77
3600,252.0317,83.9844,11.91
3601,252.0972,65.4297,15.28
3602,252.1597,62.5000,16.00
3603,252.2251,65.4297,15.28
3604,252.2896,64.4531,15.52
3605,252.3550,65.4297,15.28
3606,252.4331,78.1250,12.80
3607,252.4956,62.5000,16.00
3608,252.5601,64.4531,15.52
3609,252.6245,64.4531,15.52
3610,252.6870,62.5000,16.00
3611,252.7700,83.0078,12.05
3612,252.8335,63.4766,15.75
3613,252.8970,63.4766,15.75
3614,252.9595,62.5000,16.00
3615,253.0308,71.2891,14.03
3616,253.1147,83.9844,11.91
3617,253.1968,82.0313,12.19
3618,253.2603,63.4766,15.75
3619,253.3354,75.1953,13.30
3620,253.4214,85.9375,11.64
3621,253.4839,62.5000,16.00
3622,253.5630,79.1016,12.64
3623,253.6460,83.0078,12.05
3624,253.7153,69.3359,14.42
3625,253.7808,65.4297,15.28
3626,253.8608,80.0781,12.49
3627,253.9243,63.4766,15.75
3628,254.0034,79.1016,12.64
3629,254.0679,64.4531,15.52
3630,254.1304,62.5000,16.00
3631,254.2134,83.0078,12.05
3632,254.2778,64.4531,15.52
3633,254.3413,63.4766,15.75
3634,254.4126,71.2891,14.03
3635,254.4761,63.4766,15.75
3636,254.5396,63.4766,15.75
3637,254.6206,81.0547,12.34
3638,254.6851,64.4531,15.52
3639,254.7534,68.3594,14.63
3640,254.8198,66.4063,15.06
3641,254.8843,64.4531,15.52
3642,254.9487,64.4531,15.52
3643,255.0112,62.5000,16.00
3644,255.0815,70.3125,14.22
3645,255.1470,65.4297,15.28
3646,255.2212,74.2188,13.47
3647,255.3013,80.0781,12.49
3648,255.3647,63.4766,15.75
3649,255.4292,64.4531,15.52
3650,255.5083,79.1016,12.64
3651,255.5718,63.4766,15.75
3652,255.6597,87.8906,11.38
3653,255.7241,64.4531,15.52
3654,255.7886,64.4531,15.52
3655,255.8530,64.4531,15.52
3656,255.9165,63.4766,15.75
3657,255.9868,70.3125,14.22
3658,256.0503,63.4766,15.75
3659,256.1333,83.0078,12.05
3660,256.1987,65.4297,15.28
3661,256.2690,70.3125,14.22
3662,256.3315,62.5000,16.00
3663,256.3970,65.4297,15.28
3664,256.4624,65.4297,15.28
3665,256.5259,63.4766,15.75
3666,256.6021,76.1719,13.13
3667,256.6646,62.5000,16.00
3668,256.7358,71.2891,14.03
3669,256.7983,62.5000,16.00
3670,256.8706,72.2656,13.84
3671,256.9487,78.1250,12.80
3672,257.0132,64.4531,15.52
3673,257.0796,66.4063,15.06
3674,257.1440,64.4531,15.52
3675,257.2124,68.3594,14.63
3676,257.2778,65.4297,15.28
3677,257.3413,63.4766,15.75
3678,257.4058,64.4531,15.52
3679,257.4692,63.4766,15.75
3680,257.5337,64.4531,15.52
3681,257.5981,64.4531,15.52
3682,257.6636,65.4297,15.28
3683,257.7280,64.4531,15.52
3684,257.7964,68.3594,14.63
3685,257.8599,63.4766,15.75
3686,257.9253,65.4297,15.28
3687,258.0122,86.9141,11.51
3688,258.0767,64.4531,15.52
3689,258.1382,61.5234,16.25
3690,258.2036,65.4297,15.28
3691,258.2837,80.0781,12.49
3692,258.3481,64.4531,15.52
3693,258.4136,65.4297,15.28
3694,258.4917,78.1250,12.80
3695,258.5542,62.5000,16.00
3696,258.6353,81.0547,12.34
3697,258.6997,64.4531,15.52
3698,258.7651,65.4297,15.28
3699,258.8286,63.4766,15.75
3700,258.8911,62.5000,16.00
3701,258.9722,81.0547,12.34
3702,259.0366,64.4531,15.52
3703,259.1021,65.4297,15.28
3704,259.1665,64.4531,15.52
3705,259.2310,64.4531,15.52
3706,259.2954,64.4531,15.52
3707,259.3755,80.0781,12.49
3708,259.4399,64.4531,15.52
3709,259.5083,68.3594,14.63
3710,259.5728,64.4531,15.52
3711,259.6362,63.4766,15.75
3712,259.7056,69.3359,14.42
3713,259.7681,62.5000,16.00
3714,259.8530,84.9609,11.77
3715,259.9165,63.4766,15.75
3716,259.9819,65.4297,15.28
3717,260.0464,64.4531,15.52
3718,260.1099,63.4766,15.75
3719,260.1714,61.5234,16.25
3720,260.2446,73.2422,13.65
3721,260.3101,65.4297,15.28
3722,260.3765,66.4063,15.06
3723,260.4390,62.5000,16.00
3724,260.5024,63.4766,15.75
3725,260.5737,71.2891,14.03
3726,260.6392,65.4297,15.28
3727,260.7046,65.4297,15.28
3728,260.7700,65.4297,15.28
3729,260.8481,78.1250,12.80
3730,260.9116,63.4766,15.75
3731,260.9761,64.4531,15.52
3732,261.0405,64.4531,15.52
3733,261.1050,64.4531,15.52
3734,261.1685,63.4766,15.75
3735,261.2319,63.4766,15.75
3736,261.2954,63.4766,15.75
3737,261.3579,62.5000,16.00
3738,261.4302,72.2656,13.84
3739,261.4927,62.5000,16.00
3740,261.5806,87.8906,11.38
3741,261.6450,64.4531,15.52
3742,261.7153,70.3125,14.22
3743,261.7798,64.4531,15.52
3744,261.8481,68.3594,14.63
3745,261.9106,62.5000,16.00
3746,261.9731,62.5000,16.00
3747,262.0425,69.3359,14.42
3748,262.1060,63.4766,15.75
3749,262.1694,63.4766,15.75
3750,262.2427,73.2422,13.65
3751,262.3228,80.0781,12.49
3752,262.4028,80.0781,12.49
3753,262.4673,64.4531,15.52
3754,262.5308,63.4766,15.75
3755,262.6196,88.8672,11.25
3756,262.6997,80.0781,12.49
3757,262.7651,65.4297,15.28
3758,262.8315,66.4063,15.06
3759,262.9146,83.0078,12.05
3760,262.9937,79.1016,12.64
3761,263.0581,64.4531,15.52
3762,263.1235,65.4297,15.28
3763,263.2046,81.0547,12.34
3764,263.2847,80.0781,12.49
3765,263.3667,82.0313,12.19
3766,263.4292,62.5000,16.00
3767,263.4995,70.3125,14.22
3768,263.5796,80.0781,12.49
3769,263.6587,79.1016,12.64
3770,263.7358,77.1484,12.96
3771,263.8159,80.0781,12.49
3772,263.8765,60.5469,16.52
3773,263.9409,64.4531,15.52
3774,264.0054,64.4531,15.52
3775,264.0708,65.4297,15.28
3776,264.1450,74.2188,13.47
3777,264.2085,63.4766,15.75
3778,264.2817,73.2422,13.65
3779,264.3462,64.4531,15.52
3780,264.4351,88.8672,11.25
3781,264.4985,63.4766,15.75
3782,264.5630,64.4531,15.52
3783,264.6274,64.4531,15.52
3784,264.7153,87.8906,11.38
3785,264.7788,63.4766,15.75
3786,264.8481,69.3359,14.42
3787,264.9126,64.4531,15.52
3788,264.9829,70.3125,14.22
3789,265.0464,63.4766,15.75
3790,265.1108,64.4531,15.52
3791,265.1743,63.4766,15.75
3792,265.2554,81.0547,12.34
3793,265.3188,63.4766,15.75
3794,265.3892,70.3125,14.22
3795,265.4692,80.0781,12.49
3796,265.5317,62.5000,16.00
3797,265.5981,66.4063,15.06
3798,265.6616,63.4766,15.75
3799,265.7261,64.4531,15.52
3800,265.7905,64.4531,15.52
3801,265.8550,64.4531,15.52
3802,265.9351,80.0781,12.49
3803,265.9985,63.4766,15.75
3804,266.0630,64.4531,15.52
3805,266.1265,63.4766,15.75
3806,266.2144,87.8906,11.38
3807,266.2778,63.4766,15.75
3808,266.3501,72.2656,13.84
3809,266.4136,63.4766,15.75
3810,266.4858,72.2656,13.84
3811,266.5513,65.4297,15.28
3812,266.6167,65.4297,15.28
3813,266.6821,65.4297,15.28
3814,266.7456,63.4766,15.75
3815,266.8159,70.3125,14.22
3816,266.8784,62.5000,16.00
3817,266.9517,73.2422,13.65
3818,267.0200,68.3594,14.63
3819,267.0854,65.4297,15.28
3820,267.1489,63.4766,15.75
3821,267.2202,71.2891,14.03
3822,267.3013,81.0547,12.34
3823,267.3813,80.0781,12.49
3824,267.4468,65.4297,15.28
3825,267.5112,64.4531,15.52
3826,267.5835,72.2656,13.84
3827,267.6489,65.4297,15.28
3828,267.7300,81.0547,12.34
3829,267.8120,82.0313,12.19
3830,267.8950,83.0078,12.05
3831,267.9761,81.0547,12.34
3832,268.0562,80.0781,12.49
3833,268.1382,82.0313,12.19
3834,268.2192,81.0547,12.34
3835,268.2993,80.0781,12.49
3836,268.3804,81.0547,12.34
3837,268.4595,79.1016,12.64
3838,268.5396,80.0781,12.49
3839,268.6040,64.4531,15.52
3840,268.6704,66.4063,15.06
3841,268.7524,82.0313,12.19
3842,268.8345,82.0313,12.19
3843,268.9175,83.0078,12.05
3844,268.9995,82.0313,12.19
3845,269.0649,65.4297,15.28
3846,269.1313,66.4063,15.06
3847,269.2144,83.0078,12.05
3848,269.2954,81.0547,12.34
3849,269.3628,67.3828,14.84
3850,269.4312,68.3594,14.63
3851,269.5132,82.0313,12.19
3852,269.5942,81.0547,12.34
3853,269.6587,64.4531,15.52
3854,269.7241,65.4297,15.28
3855,269.8052,81.0547,12.34
3856,269.8872,82.0313,12.19
3857,269.9517,64.4531,15.52
3858,270.0259,74.2188,13.47
3859,270.1089,83.0078,12.05
3860,270.1714,62.5000,16.00
3861,270.2378,66.4063,15.06
3862,270.3267,88.8672,11.25
3863,270.3911,64.4531,15.52
3864,270.4624,71.2891,14.03
3865,270.5269,64.4531,15.52
3866,270.5952,68.3594,14.63
3867,270.6763,81.0547,12.34
3868,270.7417,65.4297,15.28
3869,270.8091,67.3828,14.84
3870,270.8745,65.4297,15.28
3871,270.9409,66.4063,15.06
3872,271.0220,81.0547,12.34
3873,271.1050,83.0078,12.05
3874,271.1880,83.0078,12.05
3875,271.2534,65.4297,15.28
3876,271.3208,67.3828,14.84
3877,271.3940,73.2422,13.65
3878,271.4614,67.3828,14.84
3879,271.5435,82.0313,12.19
3880,271.6245,81.0547,12.34
3881,271.6890,64.4531,15.52
3882,271.7573,68.3594,14.63
3883,271.8267,69.3359,14.42
3884,271.9019,75.1953,13.30
3885,271.9819,80.0781,12.49
3886,272.0630,81.0547,12.34
3887,272.1265,63.4766,15.75
3888,272.1899,63.4766,15.75
3889,272.2817,91.7969,10.89
3890,272.3462,64.4531,15.52
3891,272.4126,66.4063,15.06
3892,272.4849,72.2656,13.84
3893,272.5493,64.4531,15.52
3894,272.6382,88.8672,11.25
3895,272.7192,81.0547,12.34
3896,272.8013,82.0313,12.19
3897,272.8843,83.0078,12.05
3898,272.9448,60.5469,16.52
3899,273.0132,68.3594,14.63
3900,273.1099,96.6797,10.34
3901,273.1792,69.3359,14.42
3902,273.2720,92.7734,10.78
3903,273.3374,65.4297,15.28
3904,273.4253,87.8906,11.38
3905,273.4888,63.4766,15.75
3906,273.5718,83.0078,12.05
3907,273.6382,66.4063,15.06
3908,273.7095,71.2891,14.03
3909,273.7886,79.1016,12.64
3910,273.8540,65.4297,15.28
3911,273.9390,84.9609,11.77
3912,274.0034,64.4531,15.52
3913,274.0874,83.9844,11.91
3914,274.1528,65.4297,15.28
3915,274.2397,86.9141,11.51
3916,274.3032,63.4766,15.75
3917,274.3774,74.2188,13.47
3918,274.4565,79.1016,12.64
3919,274.5210,64.4531,15.52
3920,274.5845,63.4766,15.75
3921,274.6655,81.0547,12.34
3922,274.7280,62.5000,16.00
3923,274.7935,65.4297,15.28
3924,274.8745,81.0547,12.34
3925,274.9321,57.6172,17.36
3926,275.0122,80.0781,12.49
3927,275.0747,62.5000,16.00
3928,275.1558,81.0547,12.34
3929,275.2378,82.0313,12.19
3930,275.3188,81.0547,12.34
3931,275.3813,62.5000,16.00
3932,275.4468,65.4297,15.28
3933,275.5190,72.2656,13.84
3934,275.5854,66.4063,15.06
3935,275.6646,79.1016,12.64
3936,275.7446,80.0781,12.49
3937,275.8257,81.0547,12.34
3938,275.8901,64.4531,15.52
3939,275.9556,65.4297,15.28
3940,276.0259,70.3125,14.22
3941,276.0903,64.4531,15.52
3942,276.1548,64.4531,15.52
3943,276.2212,66.4063,15.06
3944,276.2856,64.4531,15.52
3945,276.3521,66.4063,15.06
3946,276.4438,91.7969,10.89
3947,276.5132,69.3359,14.42
3948,276.5933,80.0781,12.49
3949,276.6714,78.1250,12.80
3950,276.7310,59.5703,16.79
3951,276.7944,63.4766,15.75
3952,276.8804,85.9375,11.64
3953,276.9438,63.4766,15.75
3954,277.0093,65.4297,15.28
3955,277.0874,78.1250,12.80
3956,277.1655,78.1250,12.80
3957,277.2290,63.4766,15.75
3958,277.2954,66.4063,15.06
3959,277.3774,82.0313,12.19
3960,277.4575,80.0781,12.49
3961,277.5220,64.4531,15.52
3962,277.5884,66.4063,15.06
3963,277.6616,73.2422,13.65
3964,277.7271,65.4297,15.28
3965,277.8071,80.0781,12.49
3966,277.8706,63.4766,15.75
3967,277.9351,64.4531,15.52
3968,278.0073,72.2656,13.84
3969,278.0718,64.4531,15.52
3970,278.1538,82.0313,12.19
3971,278.2183,64.4531,15.52
3972,278.2935,75.1953,13.30
3973,278.3755,82.0313,12.19
3974,278.4565,81.0547,12.34
3975,278.5376,81.0547,12.34
3976,278.6226,84.9609,11.77
3977,278.7095,86.9141,11.51
3978,278.7739,64.4531,15.52
3979,278.8423,68.3594,14.63
3980,278.9243,82.0313,12.19
3981,279.0054,81.0547,12.34
3982,279.0854,80.0781,12.49
3983,279.1646,79.1016,12.64
3984,279.2280,63.4766,15.75
3985,279.2925,64.4531,15.52
3986,279.3745,82.0313,12.19
3987,279.4536,79.1016,12.64
3988,279.5171,63.4766,15.75
3989,279.5825,65.4297,15.28
3990,279.6636,81.0547,12.34
3991,279.7202,56.6406,17.66
3992,279.7847,64.4531,15.52
3993,279.8667,82.0313,12.19
3994,279.9458,79.1016,12.64
3995,280.0093,63.4766,15.75
3996,280.0737,64.4531,15.52
3997,280.1567,83.0078,12.05
3998,280.2183,61.5234,16.25
3999,280.2847,66.4063,15.06
4000,280.3657,81.0547,12.34
4001,280.4302,64.4531,15.52
4002,280.4976,67.3828,14.84
4003,280.5610,63.4766,15.75
4004,280.6294,68.3594,14.63
4005,280.7124,83.0078,12.05
4006,280.7778,65.4297,15.28
4007,280.8433,65.4297,15.28
4008,280.9116,68.3594,14.63
4009,280.9751,63.4766,15.75
4010,281.0376,62.5000,16.00
4011,281.1069,69.3359,14.42
4012,281.1714,64.4531,15.52
4013,281.2397,68.3594,14.63
4014,281.3208,81.0547,12.34
4015,281.3853,64.4531,15.52
4016,281.4546,69.3359,14.42
4017,281.5347,80.0781,12.49
4018,281.6128,78.1250,12.80
4019,281.6929,80.0781,12.49
4020,281.7729,80.0781,12.49
4021,281.8550,82.0313,12.19
4022,281.9165,61.5234,16.25
4023,281.9839,67.3828,14.84
4024,282.0669,83.0078,12.05
4025,282.1460,79.1016,12.64
4026,282.2104,64.4531,15.52
4027,282.2778,67.3828,14.84
4028,282.3599,82.0313,12.19
4029,282.4419,82.0313,12.19
4030,282.5239,82.0313,12.19
4031,282.5854,61.5234,16.25
4032,282.6558,70.3125,14.22
4033,282.7368,81.0547,12.34
4034,282.8179,81.0547,12.34
4035,282.8823,64.4531,15.52
4036,282.9546,72.2656,13.84
4037,283.0464,91.7969,10.89
4038,283.1099,63.4766,15.75
4039,283.1987,88.8672,11.25
4040,283.2632,64.4531,15.52
4041,283.3452,82.0313,12.19
4042,283.4087,63.4766,15.75
4043,283.4722,63.4766,15.75
4044,283.5366,64.4531,15.52
4045,283.6021,65.4297,15.28
4046,283.6646,62.5000,16.00
4047,283.7290,64.4531,15.52
4048,283.8081,79.1016,12.64
4049,283.8726,64.4531,15.52
4050,283.9360,63.4766,15.75
4051,284.0044,68.3594,14.63
4052,284.0669,62.5000,16.00
4053,284.1519,84.9609,11.77
4054,284.2173,65.4297,15.28
4055,284.2808,63.4766,15.75
4056,284.3511,70.3125,14.22
4057,284.4146,63.4766,15.75
4058,284.4849,70.3125,14.22
4059,284.5493,64.4531,15.52
4060,284.6118,62.5000,16.00
4061,284.6772,65.4297,15.28
4062,284.7417,64.4531,15.52
4063,284.8042,62.5000,16.00
4064,284.8706,66.4063,15.06
4065,284.9360,65.4297,15.28
4066,284.9995,63.4766,15.75
4067,285.0630,63.4766,15.75
4068,285.1265,63.4766,15.75
4069,285.1899,63.4766,15.75
4070,285.2534,63.4766,15.75
4071,285.3257,72.2656,13.84
4072,285.4058,80.0781,12.49
4073,285.4849,79.1016,12.64
4074,285.5483,63.4766,15.75
4075,285.6138,65.4297,15.28
4076,285.6851,71.2891,14.03
4077,285.7495,64.4531,15.52
4078,285.8149,65.4297,15.28
4079,285.8794,64.4531,15.52
4080,285.9595,80.0781,12.49
4081,286.0239,64.4531,15.52
4082,286.0884,64.4531,15.52
4083,286.1519,63.4766,15.75
4084,286.2173,65.4297,15.28
4085,286.2876,70.3125,14.22
4086,286.3521,64.4531,15.52
4087,286.4331,81.0547,12.34
4088,286.4976,64.4531,15.52
4089,286.5640,66.4063,15.06
4090,286.6284,64.4531,15.52
4091,286.6938,65.4297,15.28
4092,286.7749,81.0547,12.34
4093,286.8374,62.5000,16.00
4094,286.9019,64.4531,15.52
4095,286.9722,70.3125,14.22
4096,287.0356,63.4766,15.75
4097,287.1060,70.3125,14.22
4098,287.1694,63.4766,15.75
4099,287.2476,78.1250,12.80
4100,287.3286,81.0547,12.34
4101,287.4077,79.1016,12.64
4102,287.4722,64.4531,15.52
4103,287.5464,74.2188,13.47
4104,287.6196,73.2422,13.65
4105,287.6851,65.4297,15.28
4106,287.7651,80.0781,12.49
4107,287.8286,63.4766,15.75
4108,287.8940,65.4297,15.28
4109,287.9653,71.2891,14.03
4110,288.0317,66.4063,15.06
4111,288.0962,64.4531,15.52
4112,288.1812,84.9609,11.77
4113,288.2456,64.4531,15.52
4114,288.3120,66.4063,15.06
4115,288.3765,64.4531,15.52
4116,288.4575,81.0547,12.34
4117,288.5229,65.4297,15.28
4118,288.5864,63.4766,15.75
4119,288.6548,68.3594,14.63
4120,288.7202,65.4297,15.28
4121,288.7993,79.1016,12.64
4122,288.8628,63.4766,15.75
4123,288.9263,63.4766,15.75
4124,288.9907,64.4531,15.52
4125,289.0718,81.0547,12.34
4126,289.1382,66.4063,15.06
4127,289.2183,80.0781,12.49
4128,289.2983,80.0781,12.49
4129,289.3638,65.4297,15.28
4130,289.4331,69.3359,14.42
4131,289.5161,83.0078,12.05
4132,289.5825,66.4063,15.06
4133,289.6479,65.4297,15.28
4134,289.7212,73.2422,13.65
4135,289.7856,64.4531,15.52
4136,289.8521,66.4063,15.06
4137,289.9165,64.4531,15.52
4138,289.9810,64.4531,15.52
4139,290.0552,74.2188,13.47
4140,290.1362,81.0547,12.34
4141,290.2017,65.4297,15.28
4142,290.2827,81.0547,12.34
4143,290.3647,82.0313,12.19
4144,290.4312,66.4063,15.06
4145,290.5132,82.0313,12.19
4146,290.5757,62.5000,16.00
4147,290.6411,65.4297,15.28
4148,290.7212,80.0781,12.49
4149,290.7847,63.4766,15.75
4150,290.8501,65.4297,15.28
4151,290.9341,83.9844,11.91
4152,290.9995,65.4297,15.28
4153,291.0659,66.4063,15.06
4154,291.1450,79.1016,12.64
4155,291.2095,64.4531,15.52
4156,291.2739,64.4531,15.52
4157,291.3569,83.0078,12.05
4158,291.4204,63.4766,15.75
4159,291.4937,73.2422,13.65
4160,291.5747,81.0547,12.34
4161,291.6401,65.4297,15.28
4162,291.7241,83.9844,11.91
4163,291.7915,67.3828,14.84
4164,291.8696,78.1250,12.80
4165,291.9517,82.0313,12.19
4166,292.0181,66.4063,15.06
4167,292.0903,72.2656,13.84
4168,292.1558,65.4297,15.28
4169,292.2251,69.3359,14.42
4170,292.2915,66.4063,15.06
4171,292.3735,82.0313,12.19
4172,292.4380,64.4531,15.52
4173,292.5103,72.2656,13.84
4174,292.5894,79.1016,12.64
4175,292.6528,63.4766,15.75
4176,292.7349,82.0313,12.19
4177,292.7993,64.4531,15.52
4178,292.8813,81.0547,12.34
4179,292.9595,78.1250,12.80
4180,293.0229,63.4766,15.75
4181,293.0854,62.5000,16.00
4182,293.1558,70.3125,14.22
4183,293.2212,65.4297,15.28
4184,293.3013,80.0781,12.49
4185,293.3628,61.5234,16.25
4186,293.4272,64.4531,15.52
4187,293.4985,71.2891,14.03
4188,293.5659,67.3828,14.84
4189,293.6450,79.1016,12.64
4190,293.7241,79.1016,12.64
4191,293.8032,79.1016,12.64
4192,293.8667,63.4766,15.75
4193,293.9312,64.4531,15.52
4194,294.0103,79.1016,12.64
4195,294.0894,79.1016,12.64
4196,294.1694,80.0781,12.49
4197,294.2485,79.1016,12.64
4198,294.3276,79.1016,12.64
4199,294.4067,79.1016,12.64
4200,294.4849,78.1250,12.80
4201,294.5483,63.4766,15.75
4202,294.6128,64.4531,15.52
4203,294.6919,79.1016,12.64
4204,294.7563,64.4531,15.52
4205,294.8218,65.4297,15.28
4206,294.8911,69.3359,14.42
4207,294.9556,64.4531,15.52
4208,295.0386,83.0078,12.05
4209,295.1196,81.0547,12.34
4210,295.1821,62.5000,16.00
4211,295.2476,65.4297,15.28
4212,295.3286,81.0547,12.34
4213,295.3911,61.5234,16.25
4214,295.4595,68.3594,14.63
4215,295.5415,82.0313,12.19
4216,295.6206,79.1016,12.64
4217,295.7017,81.0547,12.34
4218,295.7817,80.0781,12.49
4219,295.8452,63.4766,15.75
4220,295.9106,65.4297,15.28
4221,295.9917,81.0547,12.34
4222,296.0542,62.5000,16.00
4223,296.1401,85.9375,11.64
4224,296.2007,60.5469,16.52
4225,296.2817,81.0547,12.34
4226,296.3618,80.0781,12.49
4227,296.4253,63.4766,15.75
4228,296.4917,66.4063,15.06
4229,296.5728,81.0547,12.34
4230,296.6548,82.0313,12.19
4231,296.7183,63.4766,15.75
4232,296.7847,66.4063,15.06
4233,296.8647,80.0781,12.49
4234,296.9448,80.0781,12.49
4235,297.0083,63.4766,15.75
4236,297.0737,65.4297,15.28
4237,297.1411,67.3828,14.84
4238,297.2075,66.4063,15.06
4239,297.2866,79.1016,12.64
4240,297.3521,65.4297,15.28
4241,297.4175,65.4297,15.28
4242,297.4995,82.0313,12.19
4243,297.5610,61.5234,16.25
4244,297.6274,66.4063,15.06
4245,297.6968,69.3359,14.42
4246,297.7622,65.4297,15.28
4247,297.8452,83.0078,12.05
4248,297.9263,81.0547,12.34
4249,298.0073,81.0547,12.34
4250,298.0874,80.0781,12.49
4251,298.1675,80.0781,12.49
4252,298.2476,80.0781,12.49
4253,298.3140,66.4063,15.06
4254,298.3804,66.4063,15.06
4255,298.4595,79.1016,12.64
4256,298.5229,63.4766,15.75
4257,298.5874,64.4531,15.52
4258,298.6704,83.0078,12.05
4259,298.7310,60.5469,16.52
4260,298.7974,66.4063,15.06
4261,298.8813,83.9844,11.91
4262,298.9458,64.4531,15.52
4263,299.0288,83.0078,12.05
4264,299.0962,67.3828,14.84
4265,299.1772,81.0547,12.34
4266,299.2583,81.0547,12.34
4267,299.3228,64.4531,15.52
4268,299.3901,67.3828,14.84
4269,299.4751,84.9609,11.77
4270,299.5571,82.0313,12.19
4271,299.6401,83.0078,12.05
4272,299.7222,82.0313,12.19
4273,299.8032,81.0547,12.34
4274,299.8843,81.0547,12.34
4275,299.9653,81.0547,12.34
4276,300.0474,82.0313,12.19
4277,300.1304,83.0078,12.05
4278,300.1919,61.5234,16.25
4279,300.2603,68.3594,14.63
4280,300.3403,80.0781,12.49
4281,300.4194,79.1016,12.64
4282,300.4829,63.4766,15.75
4283,300.5503,67.3828,14.84
4284,300.6323,82.0313,12.19
4285,300.6968,64.4531,15.52
4286,300.7632,66.4063,15.06
4287,300.8462,83.0078,12.05
4288,300.9282,82.0313,12.19
4289,301.0103,82.0313,12.19
4290,301.0942,83.9844,11.91
4291,301.1753,81.0547,12.34
4292,301.2573,82.0313,12.19
4293,301.3140,56.6406,17.66
4294,301.3794,65.4297,15.28
4295,301.4409,61.5234,16.25
4296,301.5103,69.3359,14.42
4297,301.5728,62.5000,16.00
4298,301.6450,72.2656,13.84
4299,301.7251,80.0781,12.49
4300,301.7896,64.4531,15.52
4301,301.8569,67.3828,14.84
4302,301.9233,66.4063,15.06
4303,301.9888,65.4297,15.28
4304,302.0708,82.0313,12.19
4305,302.1362,65.4297,15.28
4306,302.2173,81.0547,12.34
4307,302.2993,82.0313,12.19
4308,302.3647,65.4297,15.28
4309,302.4321,67.3828,14.84
4310,302.4946,62.5000,16.00
4311,302.5767,82.0313,12.19
4312,302.6392,62.5000,16.00
4313,302.7104,71.2891,14.03
4314,302.7935,82.0313,12.19
4315,302.8511,57.6172,17.36
4316,302.9155,64.4531,15.52
4317,302.9985,83.0078,12.05
4318,303.0659,67.3828,14.84
4319,303.1343,68.3594,14.63
4320,303.2056,71.2891,14.03
4321,303.2690,63.4766,15.75
4322,303.3569,87.8906,11.38
4323,303.4214,64.4531,15.52
4324,303.5044,83.0078,12.05
4325,303.5718,67.3828,14.84
4326,303.6567,84.9609,11.77
4327,303.7241,67.3828,14.84
4328,303.8140,89.8438,11.13
4329,303.8794,65.4297,15.28
4330,303.9644,84.9609,11.77
4331,304.0259,61.5234,16.25
4332,304.0913,65.4297,15.28
4333,304.1714,80.0781,12.49
4334,304.2524,81.0547,12.34
4335,304.3335,81.0547,12.34
4336,304.4126,79.1016,12.64
4337,304.4937,81.0547,12.34
4338,304.5718,78.1250,12.80
4339,304.6509,79.1016,12.64
4340,304.7310,80.0781,12.49
4341,304.8081,77.1484,12.96
4342,304.8862,78.1250,12.80
4343,304.9653,79.1016,12.64
4344,305.0317,66.4063,15.06
4345,305.1011,69.3359,14.42
4346,305.1870,85.9375,11.64
4347,305.2749,87.8906,11.38
4348,305.3599,84.9609,11.77
4349,305.4458,85.9375,11.64
4350,305.5347,88.8672,11.25
4351,305.6196,84.9609,11.77
4352,305.7065,86.9141,11.51
4353,305.7915,84.9609,11.77
4354,305.8628,71.2891,14.03
4355,305.9546,91.7969,10.89
4356,306.0425,87.8906,11.38
4357,306.1294,86.9141,11.51
4358,306.2212,91.7969,10.89
4359,306.3091,87.8906,11.38
4360,306.3979,88.8672,11.25
4361,306.4878,89.8438,11.13
4362,306.5513,63.4766,15.75
4363,306.6226,71.2891,14.03
4364,306.7036,81.0547,12.34
4365,306.7798,76.1719,13.13
4366,306.8413,61.5234,16.25
4367,306.9067,65.4297,15.28
4368,306.9780,71.2891,14.03
4369,307.0591,81.0547,12.34
4370,307.1206,61.5234,16.25
4371,307.1812,60.5469,16.52
4372,307.2524,71.2891,14.03
4373,307.3384,85.9375,11.64
4374,307.4214,83.0078,12.05
4375,307.4839,62.5000,16.00
4376,307.5454,61.5234,16.25
4377,307.6069,61.5234,16.25
4378,307.6753,68.3594,14.63
4379,307.7632,86.9141,11.51
4380,307.8472,83.9844,11.91
4381,307.9146,67.3828,14.84
4382,308.0034,88.8672,11.25
4383,308.0884,84.9609,11.77
4384,308.1753,86.9141,11.51
4385,308.2622,86.9141,11.51
4386,308.3296,67.3828,14.84
4387,308.4087,79.1016,12.64
4388,308.4937,84.9609,11.77
4389,308.5806,86.9141,11.51
4390,308.6685,87.8906,11.38
4391,308.7554,86.9141,11.51
4392,308.8433,87.8906,11.38
4393,308.9321,88.8672,11.25
4394,309.0142,82.0313,12.19
4395,309.0942,80.0781,12.49
4396,309.1763,82.0313,12.19
4397,309.2573,81.0547,12.34
4398,309.3560,98.6328,10.14
4399,309.4429,86.9141,11.51
4400,309.5308,87.8906,11.38
4401,309.6138,83.0078,12.05
4402,309.6997,85.9375,11.64
4403,309.7856,85.9375,11.64
4404,309.8726,86.9141,11.51
4405,309.9585,85.9375,11.64
4406,310.0386,80.0781,12.49
4407,310.1011,62.5000,16.00
4408,310.1636,62.5000,16.00
4409,310.2251,61.5234,16.25
4410,310.2886,63.4766,15.75
4411,310.3481,59.5703,16.79
4412,310.4146,66.4063,15.06
4413,310.4761,61.5234,16.25
4414,310.5386,62.5000,16.00
4415,310.6001,61.5234,16.25
4416,310.6597,59.5703,16.79
4417,310.7212,61.5234,16.25
4418,310.7817,60.5469,16.52
4419,310.8423,60.5469,16.52
4420,310.9019,59.5703,16.79
4421,310.9692,67.3828,14.84
4422,311.0308,61.5234,16.25
4423,311.0923,61.5234,16.25
4424,311.1528,60.5469,16.52
4425,311.2163,63.4766,15.75
4426,311.2886,72.2656,13.84
4427,311.3765,87.8906,11.38
4428,311.4458,69.3359,14.42
4429,311.5239,78.1250,12.80
4430,311.5854,61.5234,16.25
4431,311.6499,64.4531,15.52
4432,311.7202,70.3125,14.22
4433,311.8071,86.9141,11.51
4434,311.8931,85.9375,11.64
4435,311.9800,86.9141,11.51
4436,312.0688,88.8672,11.25
4437,312.1577,88.8672,11.25
4438,312.2397,82.0313,12.19
4439,312.3237,83.9844,11.91
4440,312.4126,88.8672,11.25
4441,312.4995,86.9141,11.51
4442,312.5854,85.9375,11.64
4443,312.6724,86.9141,11.51
4444,312.7368,64.4531,15.52
4445,312.8149,78.1250,12.80
4446,312.8784,63.4766,15.75
4447,312.9390,60.5469,16.52
4448,313.0015,62.5000,16.00
4449,313.0679,66.4063,15.06
4450,313.1460,77.1484,12.96
4451,313.2065,60.5469,16.52
4452,313.2681,61.5234,16.25
4453,313.3374,69.3359,14.42
4454,313.4224,84.9609,11.77
4455,313.4829,60.5469,16.52
4456,313.5542,71.2891,14.03
4457,313.6235,69.3359,14.42
4458,313.7085,84.9609,11.77
4459,313.7866,78.1250,12.80
4460,313.8521,65.4297,15.28
4461,313.9380,85.9375,11.64
4462,314.0249,86.9141,11.51
4463,314.0923,67.3828,14.84
4464,314.1606,68.3594,14.63
4465,314.2456,84.9609,11.77
4466,314.3325,86.9141,11.51
4467,314.4126,80.0781,12.49
4468,314.5005,87.8906,11.38
4469,314.5854,84.9609,11.77
4470,314.6538,68.3594,14.63
4471,314.7310,77.1484,12.96
4472,314.8169,85.9375,11.64
4473,314.9038,86.9141,11.51
4474,314.9917,87.8906,11.38
4475,315.0776,85.9375,11.64
4476,315.1499,72.2656,13.84
4477,315.2368,86.9141,11.51
4478,315.3247,87.8906,11.38
4479,315.4087,83.9844,11.91
4480,315.4819,73.2422,13.65
4481,315.5571,75.1953,13.30
4482,315.6450,87.8906,11.38
4483,315.7368,91.7969,10.89
4484,315.8296,92.7734,10.78
4485,315.9224,92.7734,10.78
4486,316.0132,90.8203,11.01
4487,316.1001,86.9141,11.51
4488,316.1714,71.2891,14.03
4489,316.2603,88.8672,11.25
4490,316.3364,76.1719,13.13
4491,316.4175,81.0547,12.34
4492,316.5161,98.6328,10.14
4493,316.5933,77.1484,12.96
4494,316.6899,96.6797,10.34
4495,316.7827,92.7734,10.78
4496,316.8511,68.3594,14.63
4497,316.9438,92.7734,10.78
4498,317.0190,75.1953,13.30
4499,317.1128,93.7500,10.67
4500,317.1841,71.2891,14.03
4501,317.2778,93.7500,10.67
4502,317.3530,75.1953,13.30
4503,317.4468,93.7500,10.67
4504,317.5200,73.2422,13.65
4505,317.6118,91.7969,10.89
4506,317.7095,97.6563,10.24
4507,317.7847,75.1953,13.30
4508,317.8774,92.7734,10.78
4509,317.9468,69.3359,14.42
4510,318.0327,85.9375,11.64
4511,318.1177,84.9609,11.77
4512,318.2036,85.9375,11.64
4513,318.2896,85.9375,11.64
4514,318.3774,87.8906,11.38
4515,318.4653,87.8906,11.38
4516,318.5298,64.4531,15.52
4517,318.6177,87.8906,11.38
4518,318.6890,71.2891,14.03
4519,318.7749,85.9375,11.64
4520,318.8608,85.9375,11.64
4521,318.9468,85.9375,11.64
4522,319.0171,70.3125,14.22
4523,319.1089,91.7969,10.89
4524,319.1782,69.3359,14.42
4525,319.2524,74.2188,13.47
4526,319.3423,89.8438,11.13
4527,319.4048,62.5000,16.00
4528,319.4927,87.8906,11.38
4529,319.5591,66.4063,15.06
4530,319.6313,72.2656,13.84
4531,319.7153,83.0078,12.05
4532,319.8062,90.8203,11.01
4533,319.8696,63.4766,15.75
4534,319.9595,89.8438,11.13
4535,320.0229,63.4766,15.75
4536,320.1147,91.7969,10.89
4537,320.1792,64.4531,15.52
4538,320.2466,67.3828,14.84
4539,320.3228,76.1719,13.13
4540,320.4126,89.8438,11.13
4541,320.4985,85.9375,11.64
4542,320.5728,74.2188,13.47
4543,320.6577,84.9609,11.77
4544,320.7446,85.9375,11.64
4545,320.8042,59.5703,16.79
4546,320.8882,83.9844,11.91
4547,320.9702,82.0313,12.19
4548,321.0532,83.0078,12.05
4549,321.1362,83.0078,12.05
4550,321.2192,83.0078,12.05
4551,321.3022,83.0078,12.05
4552,321.3862,83.9844,11.91
4553,321.4683,82.0313,12.19
4554,321.5493,81.0547,12.34
4555,321.6323,83.0078,12.05
4556,321.7153,83.0078,12.05
4557,321.7993,83.9844,11.91
4558,321.8667,67.3828,14.84
4559,321.9438,77.1484,12.96
4560,322.0190,75.1953,13.30
4561,322.0874,68.3594,14.63
4562,322.1548,67.3828,14.84
4563,322.2231,68.3594,14.63
4564,322.2886,65.4297,15.28
4565,322.3638,75.1953,13.30
4566,322.4302,66.4063,15.06
4567,322.4966,66.4063,15.06
4568,322.5659,69.3359,14.42
4569,322.6323,66.4063,15.06
4570,322.7065,74.2188,13.47
4571,322.7710,64.4531,15.52
4572,322.8462,75.1953,13.30
4573,322.9126,66.4063,15.06
4574,322.9946,82.0313,12.19
4575,323.0601,65.4297,15.28
4576,323.1265,66.4063,15.06
4577,323.1978,71.2891,14.03
4578,323.2632,65.4297,15.28
4579,323.3374,74.2188,13.47
4580,323.4214,83.9844,11.91
4581,323.4868,65.4297,15.28
4582,323.5669,80.0781,12.49
4583,323.6313,64.4531,15.52
4584,323.6987,67.3828,14.84
4585,323.7642,65.4297,15.28
4586,323.8276,63.4766,15.75
4587,323.8921,64.4531,15.52
4588,323.9565,64.4531,15.52
4589,324.0220,65.4297,15.28
4590,324.0884,66.4063,15.06
4591,324.1675,79.1016,12.64
4592,324.2319,64.4531,15.52
4593,324.2954,63.4766,15.75
4594,324.3599,64.4531,15.52
4595,324.4321,72.2656,13.84
4596,324.5171,84.9609,11.77
4597,324.5815,64.4531,15.52
4598,324.6450,63.4766,15.75
4599,324.7251,80.0781,12.49
4600,324.7905,65.4297,15.28
4601,324.8569,66.4063,15.06
4602,324.9224,65.4297,15.28
4603,324.9858,63.4766,15.75
4604,325.0493,63.4766,15.75
4605,325.1245,75.1953,13.30
4606,325.1890,64.4531,15.52
4607,325.2524,63.4766,15.75
4608,325.3169,64.4531,15.52
4609,325.3833,66.4063,15.06
4610,325.4468,63.4766,15.75
4611,325.5093,62.5000,16.00
4612,325.5728,63.4766,15.75
4613,325.6431,70.3125,14.22
4614,325.7075,64.4531,15.52
4615,325.7808,73.2422,13.65
4616,325.8462,65.4297,15.28
4617,325.9194,73.2422,13.65
4618,325.9829,63.4766,15.75
4619,326.0474,64.4531,15.52
4620,326.1118,64.4531,15.52
4621,326.1743,62.5000,16.00
4622,326.2485,74.2188,13.47
4623,326.3110,62.5000,16.00
4624,326.3804,69.3359,14.42
4625,326.4448,64.4531,15.52
4626,326.5083,63.4766,15.75
4627,326.5728,64.4531,15.52
4628,326.6372,64.4531,15.52
4629,326.7007,63.4766,15.75
4630,326.7886,87.8906,11.38
4631,326.8511,62.5000,16.00
4632,326.9136,62.5000,16.00
4633,326.9946,81.0547,12.34
4634,327.0581,63.4766,15.75
4635,327.1216,63.4766,15.75
4636,327.1899,68.3594,14.63
4637,327.2544,64.4531,15.52
4638,327.3247,70.3125,14.22
4639,327.3901,65.4297,15.28
4640,327.4546,64.4531,15.52
4641,327.5190,64.4531,15.52
4642,327.5835,64.4531,15.52
4643,327.6704,86.9141,11.51
4644,327.7358,65.4297,15.28
4645,327.8003,64.4531,15.52
4646,327.8638,63.4766,15.75
4647,327.9438,80.0781,12.49
4648,328.0073,63.4766,15.75
4649,328.0884,81.0547,12.34
4650,328.1528,64.4531,15.52
4651,328.2163,63.4766,15.75
4652,328.2827,66.4063,15.06
4653,328.3472,64.4531,15.52
4654,328.4224,75.1953,13.30
4655,328.5024,80.0781,12.49
4656,328.5659,63.4766,15.75
4657,328.6294,63.4766,15.75
4658,328.6929,63.4766,15.75
4659,328.7563,63.4766,15.75
4660,328.8276,71.2891,14.03
4661,328.8911,63.4766,15.75
4662,328.9614,70.3125,14.22
4663,329.0405,79.1016,12.64
4664,329.1050,64.4531,15.52
4665,329.1685,63.4766,15.75
4666,329.2339,65.4297,15.28
4667,329.3003,66.4063,15.06
4668,329.3647,64.4531,15.52
4669,329.4282,63.4766,15.75
4670,329.5151,86.9141,11.51
4671,329.5796,64.4531,15.52
4672,329.6499,70.3125,14.22
4673,329.7144,64.4531,15.52
4674,329.7886,74.2188,13.47
4675,329.8511,62.5000,16.00
4676,329.9175,66.4063,15.06
4677,329.9819,64.4531,15.52
4678,330.0532,71.2891,14.03
4679,330.1177,64.4531,15.52
4680,330.1899,72.2656,13.84
4681,330.2632,73.2422,13.65
4682,330.3267,63.4766,15.75
4683,330.4009,74.2188,13.47
4684,330.4663,65.4297,15.28
4685,330.5308,64.4531,15.52
4686,330.5962,65.4297,15.28
4687,330.6616,65.4297,15.28
4688,330.7271,65.4297,15.28
4689,330.7905,63.4766,15.75
4690,330.8550,64.4531,15.52
4691,330.9194,64.4531,15.52
4692,330.9839,64.4531,15.52
4693,331.0483,64.4531,15.52
4694,331.1128,64.4531,15.52
4695,331.1938,81.0547,12.34
4696,331.2583,64.4531,15.52
4697,331.3306,72.2656,13.84
4698,331.3960,65.4297,15.28
4699,331.4604,64.4531,15.52
4700,331.5249,64.4531,15.52
4701,331.6060,81.0547,12.34
4702,331.6685,62.5000,16.00
4703,331.7329,64.4531,15.52
4704,331.7974,64.4531,15.52
4705,331.8618,64.4531,15.52
4706,331.9341,72.2656,13.84
4707,332.0005,66.4063,15.06
4708,332.0649,64.4531,15.52
4709,332.1294,64.4531,15.52
4710,332.1938,64.4531,15.52
4711,332.2593,65.4297,15.28
4712,332.3247,65.4297,15.28
4713,332.4155,90.8203,11.01
4714,332.4800,64.4531,15.52
4715,332.5444,64.4531,15.52
4716,332.6099,65.4297,15.28
4717,332.6733,63.4766,15.75
4718,332.7388,65.4297,15.28
4719,332.8022,63.4766,15.75
4720,332.8657,63.4766,15.75
4721,332.9312,65.4297,15.28
4722,332.9956,64.4531,15.52
4723,333.0620,66.4063,15.06
4724,333.1274,65.4297,15.28
4725,333.1929,65.4297,15.28
4726,333.2583,65.4297,15.28
4727,333.3228,64.4531,15.52
4728,333.3940,71.2891,14.03
4729,333.4849,90.8203,11.01
4730,333.5728,87.8906,11.38
4731,333.6606,87.8906,11.38
4732,333.7485,87.8906,11.38
4733,333.8374,88.8672,11.25
4734,333.9263,88.8672,11.25
4735,334.0132,86.9141,11.51
4736,334.0815,68.3594,14.63
4737,334.1704,88.8672,11.25
4738,334.2573,86.9141,11.51
4739,334.3452,87.8906,11.38
4740,334.4321,86.9141,11.51
4741,334.5210,88.8672,11.25
4742,334.6069,85.9375,11.64
4743,334.6919,84.9609,11.77
4744,334.7573,65.4297,15.28
4745,334.8267,69.3359,14.42
4746,334.8999,73.2422,13.65
4747,334.9644,64.4531,15.52
4748,335.0298,65.4297,15.28
4749,335.1089,79.1016,12.64
4750,335.1899,81.0547,12.34
4751,335.2593,69.3359,14.42
4752,335.3452,85.9375,11.64
4753,335.4106,65.4297,15.28
4754,335.4985,87.8906,11.38
4755,335.5874,88.8672,11.25
4756,335.6772,89.8438,11.13
4757,335.7651,87.8906,11.38
4758,335.8345,69.3359,14.42
4759,335.9087,74.2188,13.47
4760,335.9897,81.0547,12.34
4761,336.0776,87.8906,11.38
4762,336.1655,87.8906,11.38
4763,336.2563,90.8203,11.01
4764,336.3462,89.8438,11.13
4765,336.4341,87.8906,11.38
4766,336.5220,87.8906,11.38
4767,336.5913,69.3359,14.42
4768,336.6812,89.8438,11.13
4769,336.7700,88.8672,11.25
4770,336.8579,87.8906,11.38
4771,336.9468,88.8672,11.25
4772,337.0356,88.8672,11.25
4773,337.1245,88.8672,11.25
4774,337.2134,88.8672,11.25
4775,337.2827,69.3359,14.42
4776,337.3765,93.7500,10.67
4777,337.4644,87.8906,11.38
4778,337.5552,90.8203,11.01
4779,337.6440,88.8672,11.25
4780,337.7329,88.8672,11.25
4781,337.8032,70.3125,14.22
4782,337.8931,89.8438,11.13
4783,337.9644,71.2891,14.03
4784,338.0552,90.8203,11.01
4785,338.1450,89.8438,11.13
4786,338.2339,88.8672,11.25
4787,338.3228,88.8672,11.25
4788,338.4116,88.8672,11.25
4789,338.5005,88.8672,11.25
4790,338.5894,88.8672,11.25
4791,338.6782,88.8672,11.25
4792,338.7651,86.9141,11.51
4793,338.8540,88.8672,11.25
4794,338.9429,88.8672,11.25
4795,339.0298,86.9141,11.51
4796,339.1187,88.8672,11.25
4797,339.1880,69.3359,14.42
4798,339.2759,87.8906,11.38
4799,339.3374,61.5234,16.25
4800,339.4351,97.6563,10.24
4801,339.5054,70.3125,14.22
4802,339.6001,94.7266,10.56
4803,339.6929,92.7734,10.78
4804,339.7642,71.2891,14.03
4805,339.8628,98.6328,10.14
4806,339.9565,93.7500,10.67
4807,340.0493,92.7734,10.78
4808,340.1167,67.3828,14.84
4809,340.1978,81.0547,12.34
4810,340.2612,63.4766,15.75
4811,340.3286,67.3828,14.84
4812,340.4116,83.0078,12.05
4813,340.4819,70.3125,14.22
4814,340.5435,61.5234,16.25
4815,340.6147,71.2891,14.03
4816,340.6792,64.4531,15.52
4817,340.7476,68.3594,14.63
4818,340.8101,62.5000,16.00
4819,340.8716,61.5234,16.25
4820,340.9438,72.2656,13.84
4821,341.0073,63.4766,15.75
4822,341.0698,62.5000,16.00
4823,341.1587,88.8672,11.25
4824,341.2222,63.4766,15.75
4825,341.2866,64.4531,15.52
4826,341.3501,63.4766,15.75
4827,341.4146,64.4531,15.52
4828,341.4819,67.3828,14.84
4829,341.5454,63.4766,15.75
4830,341.6108,65.4297,15.28
4831,341.6724,61.5234,16.25
4832,341.7378,65.4297,15.28
4833,341.8022,64.4531,15.52
4834,341.8657,63.4766,15.75
4835,341.9351,69.3359,14.42
4836,341.9995,64.4531,15.52
4837,342.0659,66.4063,15.06
4838,342.1284,62.5000,16.00
4839,342.1919,63.4766,15.75
4840,342.2622,70.3125,14.22
4841,342.3276,65.4297,15.28
4842,342.3901,62.5000,16.00
4843,342.4556,65.4297,15.28
4844,342.5200,64.4531,15.52
4845,342.5845,64.4531,15.52
4846,342.6470,62.5000,16.00
4847,342.7095,62.5000,16.00
4848,342.7729,63.4766,15.75
4849,342.8364,63.4766,15.75
4850,342.8989,62.5000,16.00
4851,342.9624,63.4766,15.75
4852,343.0269,64.4531,15.52
4853,343.0903,63.4766,15.75
4854,343.1567,66.4063,15.06
4855,343.2202,63.4766,15.75
4856,343.2847,64.4531,15.52
4857,343.3569,72.2656,13.84
4858,343.4429,85.9375,11.64
4859,343.5308,87.8906,11.38
4860,343.6187,87.8906,11.38
4861,343.7065,87.8906,11.38
4862,343.7954,88.8672,11.25
4863,343.8843,88.8672,11.25
4864,343.9722,87.8906,11.38
4865,344.0591,86.9141,11.51
4866,344.1470,87.8906,11.38
4867,344.2358,88.8672,11.25
4868,344.3247,88.8672,11.25
4869,344.4077,83.0078,12.05
4870,344.4976,89.8438,11.13
4871,344.5884,90.8203,11.01
4872,344.6782,89.8438,11.13
4873,344.7661,87.8906,11.38
4874,344.8550,88.8672,11.25
4875,344.9419,86.9141,11.51
4876,345.0308,88.8672,11.25
4877,345.1196,88.8672,11.25
4878,345.2095,89.8438,11.13
4879,345.2983,88.8672,11.25
4880,345.3872,88.8672,11.25
4881,345.4751,87.8906,11.38
4882,345.5630,87.8906,11.38
4883,345.6519,88.8672,11.25
4884,345.7368,84.9609,11.77
4885,345.8257,88.8672,11.25
4886,345.9155,89.8438,11.13
4887,346.0044,88.8672,11.25
4888,346.0933,88.8672,11.25
4889,346.1831,89.8438,11.13
4890,346.2749,91.7969,10.89
4891,346.3657,90.8203,11.01
4892,346.4507,84.9609,11.77
4893,346.5366,85.9375,11.64
4894,346.6226,85.9375,11.64
4895,346.7007,78.1250,12.80
4896,346.7671,66.4063,15.06
4897,346.8550,87.8906,11.38
4898,346.9302,75.1953,13.30
4899,347.0220,91.7969,10.89
4900,347.1128,90.8203,11.01
4901,347.2026,89.8438,11.13
4902,347.2944,91.7969,10.89
4903,347.3687,73.2422,13.65
4904,347.4702,101.5625,9.85
4905,347.5620,91.7969,10.89
4906,347.6538,91.7969,10.89
4907,347.7417,87.8906,11.38
4908,347.8286,86.9141,11.51
4909,347.8999,71.2891,14.03
4910,347.9849,84.9609,11.77
4911,348.0513,66.4063,15.06
4912,348.1401,88.8672,11.25
4913,348.2095,69.3359,14.42
4914,348.2964,86.9141,11.51
4915,348.3687,72.2656,13.84
4916,348.4663,97.6563,10.24
4917,348.5571,90.8203,11.01
4918,348.6489,91.7969,10.89
4919,348.7397,90.8203,11.01
4920,348.8296,89.8438,11.13
4921,348.9194,89.8438,11.13
4922,349.0093,89.8438,11.13
4923,349.0991,89.8438,11.13
4924,349.1870,87.8906,11.38
4925,349.2563,69.3359,14.42
4926,349.3491,92.7734,10.78
4927,349.4399,90.8203,11.01
4928,349.5327,92.7734,10.78
4929,349.6050,72.2656,13.84
4930,349.6968,91.7969,10.89
4931,349.7896,92.7734,10.78
4932,349.8784,88.8672,11.25
4933,349.9712,92.7734,10.78
4934,350.0630,91.7969,10.89
4935,350.1548,91.7969,10.89
4936,350.2446,89.8438,11.13
4937,350.3364,91.7969,10.89
4938,350.4351,98.6328,10.14
4939,350.5278,92.7734,10.78
4940,350.6187,90.8203,11.01
4941,350.7085,89.8438,11.13
4942,350.7925,83.9844,11.91
4943,350.8843,91.7969,10.89
4944,350.9751,90.8203,11.01
4945,351.0659,90.8203,11.01
4946,351.1597,93.7500,10.67
4947,351.2495,89.8438,11.13
4948,351.3403,90.8203,11.01
4949,351.4380,97.6563,10.24
4950,351.5288,90.8203,11.01
4951,351.6177,88.8672,11.25
4952,351.7104,92.7734,10.78
4953,351.8013,90.8203,11.01
4954,351.8892,87.8906,11.38
4955,351.9565,67.3828,14.84
4956,352.0405,83.9844,11.91
4957,352.1138,72.2656,13.84
4958,352.2056,91.7969,10.89
4959,352.2974,91.7969,10.89
4960,352.3901,92.7734,10.78
4961,352.4731,83.0078,12.05
4962,352.5435,70.3125,14.22
4963,352.6147,71.2891,14.03
4964,352.6860,71.2891,14.03
4965,352.7524,66.4063,15.06
4966,352.8384,85.9375,11.64
4967,352.9341,95.7031,10.45
4968,353.0259,91.7969,10.89
4969,353.1069,81.0547,12.34
4970,353.1763,69.3359,14.42
4971,353.2603,83.9844,11.91
4972,353.3501,89.8438,11.13
4973,353.4370,86.9141,11.51
4974,353.5288,91.7969,10.89
4975,353.6177,88.8672,11.25
4976,353.7075,89.8438,11.13
4977,353.7915,83.9844,11.91
4978,353.8765,84.9609,11.77
4979,353.9653,88.8672,11.25
4980,354.0552,89.8438,11.13
4981,354.1401,84.9609,11.77
4982,354.2241,83.9844,11.91
4983,354.3071,83.0078,12.05
4984,354.3911,83.9844,11.91
4985,354.4761,84.9609,11.77
4986,354.5620,85.9375,11.64
4987,354.6470,84.9609,11.77
4988,354.7397,92.7734,10.78
4989,354.8286,88.8672,11.25
4990,354.9155,86.9141,11.51
4991,354.9897,74.2188,13.47
4992,355.0806,90.8203,11.01
4993,355.1694,88.8672,11.25
4994,355.2544,84.9609,11.77
4995,355.3237,69.3359,14.42
4996,355.4165,92.7734,10.78
4997,355.5063,89.8438,11.13
4998,355.5913,84.9609,11.77
4999,355.6802,88.8672,11.25
5000,355.7710,90.8203,11.01
5001,355.8491,78.1250,12.80
5002,355.9390,89.8438,11.13
5003,356.0122,73.2422,13.65
5004,356.1040,91.7969,10.89
5005,356.1899,85.9375,11.64
5006,356.2593,69.3359,14.42
5007,356.3267,67.3828,14.84
5008,356.3970,70.3125,14.22
5009,356.4839,86.9141,11.51
5010,356.5679,83.9844,11.91
5011,356.6519,83.9844,11.91
5012,356.7368,84.9609,11.77
5013,356.8208,83.9844,11.91
5014,356.9028,82.0313,12.19
5015,356.9868,83.9844,11.91
5016,357.0737,86.9141,11.51
5017,357.1606,86.9141,11.51
5018,357.2495,88.8672,11.25
5019,357.3364,85.9375,11.64
5020,357.4302,93.7500,10.67
5021,357.5132,83.0078,12.05
5022,357.5972,83.9844,11.91
5023,357.6763,79.1016,12.64
5024,357.7544,78.1250,12.80
5025,357.8179,63.4766,15.75
5026,357.8872,69.3359,14.42
5027,357.9497,62.5000,16.00
5028,358.0122,62.5000,16.00
5029,358.0972,84.9609,11.77
5030,358.1870,89.8438,11.13
5031,358.2671,80.0781,12.49
5032,358.3569,89.8438,11.13
5033,358.4478,90.8203,11.01
5034,358.5376,89.8438,11.13
5035,358.6274,89.8438,11.13
5036,358.7163,88.8672,11.25
5037,358.8042,87.8906,11.38
5038,358.8696,65.4297,15.28
5039,358.9487,79.1016,12.64
5040,359.0366,87.8906,11.38
5041,359.1196,83.0078,12.05
5042,359.2036,83.9844,11.91
5043,359.2866,83.0078,12.05
5044,359.3687,82.0313,12.19
5045,359.4614,92.7734,10.78
5046,359.5464,84.9609,11.77
5047,359.6284,82.0313,12.19
5048,359.7134,84.9609,11.77
5049,359.7974,83.9844,11.91
5050,359.8804,83.0078,12.05
5051,359.9634,83.0078,12.05
5052,360.0464,83.0078,12.05
5053,360.1294,83.0078,12.05
5054,360.2134,83.9844,11.91
5055,360.2974,83.9844,11.91
5056,360.3813,83.9844,11.91
5057,360.4653,83.9844,11.91
5058,360.5493,83.9844,11.91
5059,360.6323,83.0078,12.05
5060,360.7163,83.9844,11.91
5061,360.8003,83.9844,11.91
5062,360.8833,83.0078,12.05
5063,360.9663,83.0078,12.05
5064,361.0513,84.9609,11.77
5065,361.1372,85.9375,11.64
5066,361.2202,83.0078,12.05
5067,361.3042,83.9844,11.91
5068,361.3872,83.0078,12.05
5069,361.4702,83.0078,12.05
5070,361.5532,83.0078,12.05
5071,361.6206,67.3828,14.84
5072,361.6890,68.3594,14.63
5073,361.7710,82.0313,12.19
5074,361.8560,84.9609,11.77
5075,361.9409,84.9609,11.77
5076,362.0239,83.0078,12.05
5077,362.1089,84.9609,11.77
5078,362.1929,83.9844,11.91
5079,362.2661,73.2422,13.65
5080,362.3550,88.8672,11.25
5081,362.4331,78.1250,12.80
5082,362.5200,86.9141,11.51
5083,362.5991,79.1016,12.64
5084,362.6606,61.5234,16.25
5085,362.7241,63.4766,15.75
5086,362.8032,79.1016,12.64
5087,362.8794,76.1719,13.13
5088,362.9575,78.1250,12.80
5089,363.0356,78.1250,12.80
5090,363.1138,78.1250,12.80
5091,363.1919,78.1250,12.80
5092,363.2700,78.1250,12.80
5093,363.3501,80.0781,12.49
5094,363.4321,82.0313,12.19
5095,363.5161,83.9844,11.91
5096,363.6011,84.9609,11.77
5097,363.6860,84.9609,11.77
5098,363.7729,86.9141,11.51
5099,363.8569,83.9844,11.91
5100,363.9341,77.1484,12.96
5101,364.0249,90.8203,11.01
5102,364.1157,90.8203,11.01
5103,364.1987,83.0078,12.05
5104,364.2622,63.4766,15.75
5105,364.3286,66.4063,15.06
5106,364.3901,61.5234,16.25
5107,364.4683,78.1250,12.80
5108,364.5522,83.9844,11.91
5109,364.6372,84.9609,11.77
5110,364.7212,83.9844,11.91
5111,364.8052,83.9844,11.91
5112,364.8882,83.0078,12.05
5113,364.9712,83.0078,12.05
5114,365.0425,71.2891,14.03
5115,365.1284,85.9375,11.64
5116,365.2192,90.8203,11.01
5117,365.3101,90.8203,11.01
5118,365.3989,88.8672,11.25
5119,365.4897,90.8203,11.01
5120,365.5796,89.8438,11.13
5121,365.6704,90.8203,11.01
5122,365.7603,89.8438,11.13
5123,365.8521,91.7969,10.89
5124,365.9429,90.8203,11.01
5125,366.0347,91.7969,10.89
5126,366.1274,92.7734,10.78
5127,366.2202,92.7734,10.78
5128,366.3110,90.8203,11.01
5129,366.3999,88.8672,11.25
5130,366.4917,91.7969,10.89
5131,366.5874,95.7031,10.45
5132,366.6782,90.8203,11.01
5133,366.7700,91.7969,10.89
5134,366.8608,90.8203,11.01
5135,366.9497,88.8672,11.25
5136,367.0386,88.8672,11.25
5137,367.1284,89.8438,11.13
5138,367.1978,69.3359,14.42
5139,367.2720,74.2188,13.47
5140,367.3628,90.8203,11.01
5141,367.4497,86.9141,11.51
5142,367.5347,84.9609,11.77
5143,367.6030,68.3594,14.63
5144,367.6851,82.0313,12.19
5145,367.7671,82.0313,12.19
5146,367.8530,85.9375,11.64
5147,367.9185,65.4297,15.28
5148,367.9858,67.3828,14.84
5149,368.0669,81.0547,12.34
5150,368.1489,82.0313,12.19
5151,368.2310,82.0313,12.19
5152,368.3052,74.2188,13.47
5153,368.3872,82.0313,12.19
5154,368.4565,69.3359,14.42
5155,368.5415,84.9609,11.77
5156,368.6245,83.0078,12.05
5157,368.6978,73.2422,13.65
5158,368.7729,75.1953,13.30
5159,368.8501,77.1484,12.96
5160,368.9370,86.9141,11.51
5161,369.0093,72.2656,13.84
5162,369.0962,86.9141,11.51
5163,369.1675,71.2891,14.03
5164,369.2437,76.1719,13.13
5165,369.3286,84.9609,11.77
5166,369.4224,93.7500,10.67
5167,369.5151,92.7734,10.78
5168,369.6069,91.7969,10.89
5169,369.6919,84.9609,11.77
5170,369.7651,73.2422,13.65
5171,369.8589,93.7500,10.67
5172,369.9458,86.9141,11.51
5173,370.0376,91.7969,10.89
5174,370.1108,73.2422,13.65
5175,370.1870,76.1719,13.13
5176,370.2808,93.7500,10.67
5177,370.3560,75.1953,13.30
5178,370.4546,98.6328,10.14
5179,370.5288,74.2188,13.47
5180,370.6147,85.9375,11.64
5181,370.6919,77.1484,12.96
5182,370.7690,77.1484,12.96
5183,370.8521,83.0078,12.05
5184,370.9575,105.4688,9.48
5185,371.0474,89.8438,11.13
5186,371.1128,65.4297,15.28
5187,371.2036,90.8203,11.01
5188,371.2778,74.2188,13.47
5189,371.3735,95.7031,10.45
5190,371.4712,97.6563,10.24
5191,371.5444,73.2422,13.65
5192,371.6362,91.7969,10.89
5193,371.7124,76.1719,13.13
5194,371.8052,92.7734,10.78
5195,371.8940,88.8672,11.25
5196,371.9829,88.8672,11.25
5197,372.0542,71.2891,14.03
5198,372.1470,92.7734,10.78
5199,372.2202,73.2422,13.65
5200,372.3101,89.8438,11.13
5201,372.3931,83.0078,12.05
5202,372.4644,71.2891,14.03
5203,372.5396,75.1953,13.30
5204,372.6089,69.3359,14.42
5205,372.6948,85.9375,11.64
5206,372.7632,68.3594,14.63
5207,372.8384,75.1953,13.30
5208,372.9224,83.9844,11.91
5209,372.9946,72.2656,13.84
5210,373.0776,83.0078,12.05
5211,373.1479,70.3125,14.22
5212,373.2231,75.1953,13.30
5213,373.3110,87.8906,11.38
5214,373.4019,90.8203,11.01
5215,373.4946,92.7734,10.78
5216,373.5552,60.5469,16.52
5217,373.6372,82.0313,12.19
5218,373.6968,59.5703,16.79
5219,373.7632,66.4063,15.06
5220,373.8462,83.0078,12.05
5221,373.9136,67.3828,14.84
5222,374.0063,92.7734,10.78
5223,374.0708,64.4531,15.52
5224,374.1587,87.8906,11.38
5225,374.2231,64.4531,15.52
5226,374.3042,81.0547,12.34
5227,374.3774,73.2422,13.65
5228,374.4644,86.9141,11.51
5229,374.5337,69.3359,14.42
5230,374.6050,71.2891,14.03
5231,374.6860,81.0547,12.34
5232,374.7505,64.4531,15.52
5233,374.8188,68.3594,14.63
5234,374.8999,81.0547,12.34
5235,374.9819,82.0313,12.19
5236,375.0640,82.0313,12.19
5237,375.1274,63.4766,15.75
5238,375.1958,68.3594,14.63
5239,375.2769,81.0547,12.34
5240,375.3423,65.4297,15.28
5241,375.4175,75.1953,13.30
5242,375.4937,76.1719,13.13
5243,375.5737,80.0781,12.49
5244,375.6440,70.3125,14.22
5245,375.7114,67.3828,14.84
5246,375.7964,84.9609,11.77
5247,375.8647,68.3594,14.63
5248,375.9536,88.8672,11.25
5249,376.0425,88.8672,11.25
5250,376.1138,71.2891,14.03
5251,376.1870,73.2422,13.65
5252,376.2759,88.8672,11.25
5253,376.3442,68.3594,14.63
5254,376.4194,75.1953,13.30
5255,376.5073,87.8906,11.38
5256,376.5972,89.8438,11.13
5257,376.6655,68.3594,14.63
5258,376.7378,72.2656,13.84
5259,376.8286,90.8203,11.01
5260,376.9194,90.8203,11.01
5261,377.0093,89.8438,11.13
5262,377.1011,91.7969,10.89
5263,377.1909,89.8438,11.13
5264,377.2798,88.8672,11.25
5265,377.3706,90.8203,11.01
5266,377.4702,99.6094,10.04
5267,377.5630,92.7734,10.78
5268,377.6362,73.2422,13.65
5269,377.7144,78.1250,12.80
5270,377.7964,82.0313,12.19
5271,377.8696,73.2422,13.65
5272,377.9585,88.8672,11.25
5273,378.0259,67.3828,14.84
5274,378.0991,73.2422,13.65
5275,378.1733,74.2188,13.47
5276,378.2612,87.8906,11.38
5277,378.3345,73.2422,13.65
5278,378.4292,94.7266,10.56
5279,378.5142,84.9609,11.77
5280,378.5806,66.4063,15.06
5281,378.6528,72.2656,13.84
5282,378.7437,90.8203,11.01
5283,378.8140,70.3125,14.22
5284,378.8872,73.2422,13.65
5285,378.9888,101.5625,9.85
5286,379.0796,90.8203,11.01
5287,379.1538,74.2188,13.47
5288,379.2329,79.1016,12.64
5289,379.3218,88.8672,11.25
5290,379.4126,90.8203,11.01
5291,379.5054,92.7734,10.78
5292,379.5942,88.8672,11.25
5293,379.6772,83.0078,12.05
5294,379.7661,88.8672,11.25
5295,379.8550,88.8672,11.25
5296,379.9468,91.7969,10.89
5297,380.0288,82.0313,12.19
5298,380.1167,87.8906,11.38
5299,380.1880,71.2891,14.03
5300,380.2876,99.6094,10.04
5301,380.3755,87.8906,11.38
5302,380.4478,72.2656,13.84
5303,380.5347,86.9141,11.51
5304,380.6226,87.8906,11.38
5305,380.7134,90.8203,11.01
5306,380.7847,71.2891,14.03
5307,380.8579,73.2422,13.65
5308,380.9360,78.1250,12.80
5309,381.0142,78.1250,12.80
5310,381.0972,83.0078,12.05
5311,381.1841,86.9141,11.51
5312,381.2534,69.3359,14.42
5313,381.3267,73.2422,13.65
5314,381.4067,80.0781,12.49
5315,381.4907,83.9844,11.91
5316,381.5806,89.8438,11.13
5317,381.6626,82.0313,12.19
5318,381.7446,82.0313,12.19
5319,381.8071,62.5000,16.00
5320,381.8745,67.3828,14.84
5321,381.9604,85.9375,11.64
5322,382.0425,82.0313,12.19
5323,382.1245,82.0313,12.19
5324,382.2065,82.0313,12.19
5325,382.2866,80.0781,12.49
5326,382.3667,80.0781,12.49
5327,382.4458,79.1016,12.64
5328,382.5103,64.4531,15.52
5329,382.5854,75.1953,13.30
5330,382.6665,81.0547,12.34
5331,382.7476,81.0547,12.34
5332,382.8306,83.0078,12.05
5333,382.9116,81.0547,12.34
5334,382.9976,85.9375,11.64
5335,383.0620,64.4531,15.52
5336,383.1313,69.3359,14.42
5337,383.2056,74.2188,13.47
5338,383.2778,72.2656,13.84
5339,383.3491,71.2891,14.03
5340,383.4165,67.3828,14.84
5341,383.4985,82.0313,12.19
5342,383.5854,86.9141,11.51
5343,383.6753,89.8438,11.13
5344,383.7612,85.9375,11.64
5345,383.8442,83.0078,12.05
5346,383.9155,71.2891,14.03
5347,383.9907,74.2188,13.47
5348,384.0767,85.9375,11.64
5349,384.1431,66.4063,15.06
5350,384.2104,67.3828,14.84
5351,384.2974,86.9141,11.51
5352,384.3804,83.0078,12.05
5353,384.4614,81.0547,12.34
5354,384.5435,82.0313,12.19
5355,384.6265,83.0078,12.05
5356,384.6958,69.3359,14.42
5357,384.7651,69.3359,14.42
5358,384.8384,73.2422,13.65
5359,384.9077,69.3359,14.42
5360,384.9741,66.4063,15.06
5361,385.0483,74.2188,13.47
5362,385.1304,82.0313,12.19
5363,385.2124,82.0313,12.19
5364,385.2935,81.0547,12.34
5365,385.3608,67.3828,14.84
5366,385.4351,74.2188,13.47
5367,385.5151,80.0781,12.49
5368,385.5962,81.0547,12.34
5369,385.6802,83.9844,11.91
5370,385.7622,82.0313,12.19
5371,385.8442,82.0313,12.19
5372,385.9263,82.0313,12.19
5373,386.0083,82.0313,12.19
5374,386.0894,81.0547,12.34
5375,386.1558,66.4063,15.06
5376,386.2271,71.2891,14.03
5377,386.3081,81.0547,12.34
5378,386.3911,83.0078,12.05
5379,386.4722,81.0547,12.34
5380,386.5552,83.0078,12.05
5381,386.6392,83.9844,11.91
5382,386.7222,83.0078,12.05
5383,386.8042,82.0313,12.19
5384,386.8872,83.0078,12.05
5385,386.9702,83.0078,12.05
5386,387.0522,82.0313,12.19
5387,387.1343,82.0313,12.19
5388,387.2153,81.0547,12.34
5389,387.2964,81.0547,12.34
5390,387.3765,80.0781,12.49
5391,387.4604,83.9844,11.91
5392,387.5405,80.0781,12.49
5393,387.6216,81.0547,12.34
5394,387.7036,82.0313,12.19
5395,387.7847,81.0547,12.34
5396,387.8667,82.0313,12.19
5397,387.9468,80.0781,12.49
5398,388.0259,79.1016,12.64
5399,388.1069,81.0547,12.34
5400,388.1890,82.0313,12.19
5401,388.2729,83.9844,11.91
5402,388.3579,84.9609,11.77
5403,388.4243,66.4063,15.06
5404,388.4946,70.3125,14.22
5405,388.5601,65.4297,15.28
5406,388.6304,70.3125,14.22
5407,388.7124,82.0313,12.19
5408,388.7944,82.0313,12.19
5409,388.8589,64.4531,15.52
5410,388.9370,78.1250,12.80
5411,389.0200,83.0078,12.05
5412,389.1021,82.0313,12.19
5413,389.1860,83.9844,11.91
5414,389.2720,85.9375,11.64
5415,389.3530,81.0547,12.34
5416,389.4390,85.9375,11.64
5417,389.5200,81.0547,12.34
5418,389.6011,81.0547,12.34
5419,389.6841,83.0078,12.05
5420,389.7661,82.0313,12.19
5421,389.8481,82.0313,12.19
5422,389.9390,90.8203,11.01
5423,390.0200,81.0547,12.34
5424,390.1021,82.0313,12.19
5425,390.1841,82.0313,12.19
5426,390.2661,82.0313,12.19
5427,390.3472,81.0547,12.34
5428,390.4292,82.0313,12.19
5429,390.5103,81.0547,12.34
5430,390.5913,81.0547,12.34
5431,390.6733,82.0313,12.19
5432,390.7544,81.0547,12.34
5433,390.8354,81.0547,12.34
5434,390.9155,80.0781,12.49
5435,390.9946,79.1016,12.64
5436,391.0591,64.4531,15.52
5437,391.1304,71.2891,14.03
5438,391.2104,80.0781,12.49
5439,391.2925,82.0313,12.19
5440,391.3745,82.0313,12.19
5441,391.4595,84.9609,11.77
5442,391.5415,82.0313,12.19
5443,391.6235,82.0313,12.19
5444,391.7026,79.1016,12.64
5445,391.7827,80.0781,12.49
5446,391.8638,81.0547,12.34
5447,391.9438,80.0781,12.49
5448,392.0259,82.0313,12.19
5449,392.1040,78.1250,12.80
5450,392.1860,82.0313,12.19
5451,392.2661,80.0781,12.49
5452,392.3452,79.1016,12.64
5453,392.4272,82.0313,12.19
5454,392.4897,62.5000,16.00
5455,392.5571,67.3828,14.84
5456,392.6401,83.0078,12.05
5457,392.7212,81.0547,12.34
5458,392.8032,82.0313,12.19
5459,392.8853,82.0313,12.19
5460,392.9683,83.0078,12.05
5461,393.0493,81.0547,12.34
5462,393.1304,81.0547,12.34
5463,393.2095,79.1016,12.64
5464,393.2905,81.0547,12.34
5465,393.3706,80.0781,12.49
5466,393.4507,80.0781,12.49
5467,393.5308,80.0781,12.49
5468,393.6108,80.0781,12.49
5469,393.6899,79.1016,12.64
5470,393.7700,79.1016,12.64
5471,393.8560,85.9375,11.64
5472,393.9370,81.0547,12.34
5473,393.9985,61.5234,16.25
5474,394.0659,67.3828,14.84
5475,394.1548,88.8672,11.25
5476,394.2358,81.0547,12.34
5477,394.3149,79.1016,12.64
5478,394.3950,80.0781,12.49
5479,394.4751,80.0781,12.49
5480,394.5562,81.0547,12.34
5481,394.6372,81.0547,12.34
5482,394.7202,83.0078,12.05
5483,394.8032,83.0078,12.05
5484,394.8843,81.0547,12.34
5485,394.9644,80.0781,12.49
5486,395.0444,80.0781,12.49
5487,395.1255,81.0547,12.34
5488,395.2085,83.0078,12.05
5489,395.2905,82.0313,12.19
5490,395.3716,81.0547,12.34
5491,395.4614,89.8438,11.13
5492,395.5444,83.0078,12.05
5493,395.6265,82.0313,12.19
5494,395.7095,83.0078,12.05
5495,395.7905,81.0547,12.34
5496,395.8716,81.0547,12.34
5497,395.9526,81.0547,12.34
5498,396.0337,81.0547,12.34
5499,396.0991,65.4297,15.28
5500,396.1685,69.3359,14.42
5501,396.2505,82.0313,12.19
5502,396.3325,82.0313,12.19
5503,396.4165,83.9844,11.91
5504,396.4995,83.0078,12.05
5505,396.5815,82.0313,12.19
5506,396.6636,82.0313,12.19
5507,396.7466,83.0078,12.05
5508,396.8286,82.0313,12.19
5509,396.9106,82.0313,12.19
5510,396.9907,80.0781,12.49
5511,397.0728,82.0313,12.19
5512,397.1548,82.0313,12.19
5513,397.2368,82.0313,12.19
5514,397.3188,82.0313,12.19
5515,397.4009,82.0313,12.19
5516,397.4839,83.0078,12.05
5517,397.5659,82.0313,12.19
5518,397.6470,81.0547,12.34
5519,397.7300,83.0078,12.05
5520,397.8140,83.9844,11.91
5521,397.8970,83.0078,12.05
5522,397.9810,83.9844,11.91
5523,398.0659,84.9609,11.77
5524,398.1499,83.9844,11.91
5525,398.2339,83.9844,11.91
5526,398.3169,83.0078,12.05
5527,398.4009,83.9844,11.91
5528,398.4849,83.9844,11.91
5529,398.5679,83.0078,12.05
5530,398.6519,83.9844,11.91
5531,398.7339,82.0313,12.19
5532,398.8169,83.0078,12.05
5533,398.8989,82.0313,12.19
5534,398.9800,81.0547,12.34
5535,399.0610,81.0547,12.34
5536,399.1411,80.0781,12.49
5537,399.2241,83.0078,12.05
5538,399.3052,81.0547,12.34
5539,399.3872,82.0313,12.19
5540,399.4692,82.0313,12.19
5541,399.5493,80.0781,12.49
5542,399.6294,80.0781,12.49
5543,399.7104,81.0547,12.34
5544,399.7925,82.0313,12.19
5545,399.8755,83.0078,12.05
5546,399.9604,84.9609,11.77
5547,400.0405,80.0781,12.49
5548,400.1216,81.0547,12.34
5549,400.2036,82.0313,12.19
5550,400.2896,85.9375,11.64
5551,400.3530,63.4766,15.75
5552,400.4224,69.3359,14.42
5553,400.5093,86.9141,11.51
5554,400.5903,81.0547,12.34
5555,400.6724,82.0313,12.19
5556,400.7554,83.0078,12.05
5557,400.8384,83.0078,12.05
5558,400.9028,64.4531,15.52
5559,400.9692,66.4063,15.06
5560,401.0493,80.0781,12.49
5561,401.1304,81.0547,12.34
5562,401.2104,80.0781,12.49
5563,401.2925,82.0313,12.19
5564,401.3755,83.0078,12.05
5565,401.4595,83.9844,11.91
5566,401.5415,82.0313,12.19
5567,401.6235,82.0313,12.19
5568,401.7056,82.0313,12.19
5569,401.7847,79.1016,12.64
5570,401.8657,81.0547,12.34
5571,401.9458,80.0781,12.49
5572,402.0259,80.0781,12.49
5573,402.1069,81.0547,12.34
5574,402.1890,82.0313,12.19
5575,402.2700,81.0547,12.34
5576,402.3501,80.0781,12.49
5577,402.4360,85.9375,11.64
5578,402.5190,83.0078,12.05
5579,402.5835,64.4531,15.52
5580,402.6567,73.2422,13.65
5581,402.7280,71.2891,14.03
5582,402.7983,70.3125,14.22
5583,402.8862,87.8906,11.38
5584,402.9575,71.2891,14.03
5585,403.0513,92.7734,10.78
5586,403.1245,73.2422,13.65
5587,403.2036,79.1016,12.64
5588,403.2749,71.2891,14.03
5589,403.3628,87.8906,11.38
5590,403.4419,79.1016,12.64
5591,403.5122,70.3125,14.22
5592,403.5923,80.0781,12.49
5593,403.6636,71.2891,14.03
5594,403.7534,89.8438,11.13
5595,403.8257,72.2656,13.84
5596,403.9077,82.0313,12.19
5597,404.0034,95.7031,10.45
5598,404.0786,75.1953,13.30
5599,404.1743,95.7031,10.45
5600,404.2632,88.8672,11.25
5601,404.3267,63.4766,15.75
5602,404.3989,72.2656,13.84
5603,404.4868,87.8906,11.38
5604,404.5708,83.9844,11.91
5605,404.6597,88.8672,11.25
5606,404.7437,83.9844,11.91
5607,404.8325,88.8672,11.25
5608,404.9214,88.8672,11.25
5609,405.0122,90.8203,11.01
5610,405.1040,91.7969,10.89
5611,405.1987,94.7266,10.56
5612,405.2935,94.7266,10.56
5613,405.3862,92.7734,10.78
5614,405.4771,90.8203,11.01
5615,405.5659,88.8672,11.25
5616,405.6558,89.8438,11.13
5617,405.7446,88.8672,11.25
5618,405.8306,85.9375,11.64
5619,405.9146,83.9844,11.91
5620,406.0034,88.8672,11.25
5621,406.0737,70.3125,14.22
5622,406.1626,88.8672,11.25
5623,406.2310,68.3594,14.63
5624,406.3022,71.2891,14.03
5625,406.3745,72.2656,13.84
5626,406.4683,93.7500,10.67
5627,406.5571,88.8672,11.25
5628,406.6479,90.8203,11.01
5629,406.7397,91.7969,10.89
5630,406.8218,82.0313,12.19
5631,406.9038,82.0313,12.19
5632,406.9868,83.0078,12.05
5633,407.0708,83.9844,11.91
5634,407.1421,71.2891,14.03
5635,407.2173,75.1953,13.30
5636,407.2837,66.4063,15.06
5637,407.3696,85.9375,11.64
5638,407.4399,70.3125,14.22
5639,407.5298,89.8438,11.13
5640,407.6147,84.9609,11.77
5641,407.7046,89.8438,11.13
5642,407.7886,83.9844,11.91
5643,407.8726,83.9844,11.91
5644,407.9614,88.8672,11.25
5645,408.0444,83.0078,12.05
5646,408.1265,82.0313,12.19
5647,408.2104,83.9844,11.91
5648,408.2925,82.0313,12.19
5649,408.3774,84.9609,11.77
5650,408.4614,83.9844,11.91
5651,408.5454,83.9844,11.91
5652,408.6323,86.9141,11.51
5653,408.7163,83.9844,11.91
5654,408.8003,83.9844,11.91
5655,408.8911,90.8203,11.01
5656,408.9771,85.9375,11.64
5657,409.0659,88.8672,11.25
5658,409.1323,66.4063,15.06
5659,409.2202,87.8906,11.38
5660,409.2915,71.2891,14.03
5661,409.3823,90.8203,11.01
5662,409.4663,83.9844,11.91
5663,409.5513,84.9609,11.77
5664,409.6431,91.7969,10.89
5665,409.7339,90.8203,11.01
5666,409.8228,88.8672,11.25
5667,409.9048,82.0313,12.19
5668,409.9868,82.0313,12.19
5669,410.0679,81.0547,12.34
5670,410.1489,81.0547,12.34
5671,410.2300,81.0547,12.34
5672,410.3120,82.0313,12.19
5673,410.3970,84.9609,11.77
5674,410.4800,83.0078,12.05
5675,410.5610,81.0547,12.34
5676,410.6431,82.0313,12.19
5677,410.7231,80.0781,12.49
5678,410.8052,82.0313,12.19
5679,410.8862,81.0547,12.34
5680,410.9683,82.0313,12.19
5681,411.0493,81.0547,12.34
5682,411.1313,82.0313,12.19
5683,411.2124,81.0547,12.34
5684,411.2778,65.4297,15.28
5685,411.3472,69.3359,14.42
5686,411.4351,87.8906,11.38
5687,411.5005,65.4297,15.28
5688,411.5688,68.3594,14.63
5689,411.6499,81.0547,12.34
5690,411.7319,82.0313,12.19
5691,411.8140,82.0313,12.19
5692,411.8950,81.0547,12.34
5693,411.9780,83.0078,12.05
5694,412.0591,81.0547,12.34
5695,412.1450,85.9375,11.64
5696,412.2104,65.4297,15.28
5697,412.2993,88.8672,11.25
5698,412.3696,70.3125,14.22
5699,412.4507,81.0547,12.34
5700,412.5308,80.0781,12.49
5701,412.6118,81.0547,12.34
5702,412.6938,82.0313,12.19
5703,412.7788,84.9609,11.77
5704,412.8608,82.0313,12.19
5705,412.9448,83.9844,11.91
5706,413.0376,92.7734,10.78
5707,413.1187,81.0547,12.34
5708,413.2007,82.0313,12.19
5709,413.2817,81.0547,12.34
5710,413.3628,81.0547,12.34
5711,413.4458,83.0078,12.05
5712,413.5269,81.0547,12.34
5713,413.6079,81.0547,12.34
5714,413.6899,82.0313,12.19
5715,413.7710,81.0547,12.34
5716,413.8530,82.0313,12.19
5717,413.9380,84.9609,11.77
5718,414.0229,84.9609,11.77
5719,414.1040,81.0547,12.34
5720,414.1860,82.0313,12.19
5721,414.2671,81.0547,12.34
5722,414.3481,81.0547,12.34
5723,414.4341,85.9375,11.64
5724,414.4985,64.4531,15.52
5725,414.5669,68.3594,14.63
5726,414.6411,74.2188,13.47
5727,414.7339,92.7734,10.78
5728,414.8081,74.2188,13.47
5729,414.8804,72.2656,13.84
5730,414.9497,69.3359,14.42
5731,415.0366,86.9141,11.51
5732,415.1069,70.3125,14.22
5733,415.1812,74.2188,13.47
5734,415.2642,83.0078,12.05
5735,415.3511,86.9141,11.51
5736,415.4390,87.8906,11.38
5737,415.5288,89.8438,11.13
5738,415.6167,87.8906,11.38
5739,415.7046,87.8906,11.38
5740,415.7925,87.8906,11.38
5741,415.8804,87.8906,11.38
5742,415.9497,69.3359,14.42
5743,416.0259,76.1719,13.13
5744,416.1069,81.0547,12.34
5745,416.1890,82.0313,12.19
5746,416.2700,81.0547,12.34
5747,416.3491,79.1016,12.64
5748,416.4360,86.9141,11.51
5749,416.5190,83.0078,12.05
5750,416.5952,76.1719,13.13
5751,416.6606,65.4297,15.28
5752,416.7388,78.1250,12.80
5753,416.8022,63.4766,15.75
5754,416.8843,82.0313,12.19
5755,416.9429,58.5938,17.07
5756,417.0073,64.4531,15.52
5757,417.0845,77.1484,12.96
5758,417.1606,76.1719,13.13
5759,417.2202,59.5703,16.79
5760,417.2837,63.4766,15.75
5761,417.3638,80.0781,12.49
5762,417.4292,65.4297,15.28
5763,417.4966,67.3828,14.84
5764,417.5610,64.4531,15.52
5765,417.6255,64.4531,15.52
5766,417.7026,77.1484,12.96
5767,417.7788,76.1719,13.13
5768,417.8550,76.1719,13.13
5769,417.9341,79.1016,12.64
5770,418.0112,77.1484,12.96
5771,418.0903,79.1016,12.64
5772,418.1685,78.1250,12.80
5773,418.2505,82.0313,12.19
5774,418.3091,58.5938,17.07
5775,418.3726,63.4766,15.75
5776,418.4507,78.1250,12.80
5777,418.5073,56.6406,17.66
5778,418.5708,63.4766,15.75
5779,418.6479,77.1484,12.96
5780,418.7241,76.1719,13.13
5781,418.8003,76.1719,13.13
5782,418.8774,77.1484,12.96
5783,418.9556,78.1250,12.80
5784,419.0337,78.1250,12.80
5785,419.0942,60.5469,16.52
5786,419.1587,64.4531,15.52
5787,419.2349,76.1719,13.13
5788,419.2954,60.5469,16.52
5789,419.3589,63.4766,15.75
5790,419.4351,76.1719,13.13
5791,419.5112,76.1719,13.13
5792,419.5864,75.1953,13.30
5793,419.6636,77.1484,12.96
5794,419.7397,76.1719,13.13
5795,419.8159,76.1719,13.13
5796,419.8931,77.1484,12.96
5797,419.9702,77.1484,12.96
5798,420.0474,77.1484,12.96
5799,420.1226,75.1953,13.30
5800,420.1831,60.5469,16.52
5801,420.2466,63.4766,15.75
5802,420.3228,76.1719,13.13
5803,420.3979,75.1953,13.30
5804,420.4761,78.1250,12.80
5805,420.5513,75.1953,13.30
5806,420.6265,75.1953,13.30
5807,420.7036,77.1484,12.96
5808,420.7808,77.1484,12.96
5809,420.8560,75.1953,13.30
5810,420.9351,79.1016,12.64
5811,421.0122,77.1484,12.96
5812,421.0874,75.1953,13.30
5813,421.1479,60.5469,16.52
5814,421.2095,61.5234,16.25
5815,421.2837,74.2188,13.47
5816,421.3599,76.1719,13.13
5817,421.4360,76.1719,13.13
5818,421.5122,76.1719,13.13
5819,421.5894,77.1484,12.96
5820,421.6655,76.1719,13.13
5821,421.7417,76.1719,13.13
5822,421.8188,77.1484,12.96
5823,421.8960,77.1484,12.96
5824,421.9731,77.1484,12.96
5825,422.0503,77.1484,12.96
5826,422.1265,76.1719,13.13
5827,422.2026,76.1719,13.13
5828,422.2788,76.1719,13.13
5829,422.3550,76.1719,13.13
5830,422.4146,59.5703,16.79
5831,422.4810,66.4063,15.06
5832,422.5581,77.1484,12.96
5833,422.6343,76.1719,13.13
5834,422.7114,77.1484,12.96
5835,422.7886,77.1484,12.96
5836,422.8647,76.1719,13.13
5837,422.9409,76.1719,13.13
5838,423.0015,60.5469,16.52
5839,423.0659,64.4531,15.52
5840,423.1421,76.1719,13.13
5841,423.2192,77.1484,12.96
5842,423.2944,75.1953,13.30
5843,423.3716,77.1484,12.96
5844,423.4487,77.1484,12.96
5845,423.5239,75.1953,13.30
5846,423.6011,77.1484,12.96
5847,423.6772,76.1719,13.13
5848,423.7544,77.1484,12.96
5849,423.8296,75.1953,13.30
5850,423.9058,76.1719,13.13
5851,423.9683,62.5000,16.00
5852,424.0366,68.3594,14.63
5853,424.1157,79.1016,12.64
5854,424.1997,83.9844,11.91
5855,424.2661,66.4063,15.06
5856,424.3335,67.3828,14.84
5857,424.4194,85.9375,11.64
5858,424.5034,83.9844,11.91
5859,424.5913,87.8906,11.38
5860,424.6782,86.9141,11.51
5861,424.7651,86.9141,11.51
5862,424.8286,63.4766,15.75
5863,424.9165,87.8906,11.38
5864,425.0015,84.9609,11.77
5865,425.0698,68.3594,14.63
5866,425.1548,84.9609,11.77
5867,425.2417,86.9141,11.51
5868,425.3267,84.9609,11.77
5869,425.4126,85.9375,11.64
5870,425.4976,84.9609,11.77
5871,425.5757,78.1250,12.80
5872,425.6401,64.4531,15.52
5873,425.7085,68.3594,14.63
5874,425.7974,88.8672,11.25
5875,425.8784,81.0547,12.34
5876,425.9390,60.5469,16.52
5877,426.0073,68.3594,14.63
5878,426.0864,79.1016,12.64
5879,426.1714,84.9609,11.77
5880,426.2583,86.9141,11.51
5881,426.3413,83.0078,12.05
5882,426.4312,89.8438,11.13
5883,426.5142,83.0078,12.05
5884,426.5933,79.1016,12.64
5885,426.6704,77.1484,12.96
5886,426.7495,79.1016,12.64
5887,426.8267,77.1484,12.96
5888,426.9028,76.1719,13.13
5889,426.9790,76.1719,13.13
5890,427.0571,78.1250,12.80
5891,427.1323,75.1953,13.30
5892,427.2104,78.1250,12.80
5893,427.2866,76.1719,13.13
5894,427.3628,76.1719,13.13
5895,427.4380,75.1953,13.30
5896,427.5151,77.1484,12.96
5897,427.5913,76.1719,13.13
5898,427.6694,78.1250,12.80
5899,427.7437,74.2188,13.47
5900,427.8042,60.5469,16.52
5901,427.8657,61.5234,16.25
5902,427.9253,59.5703,16.79
5903,428.0024,77.1484,12.96
5904,428.0659,63.4766,15.75
5905,428.1362,70.3125,14.22
5906,428.1997,63.4766,15.75
5907,428.2593,59.5703,16.79
5908,428.3257,66.4063,15.06
5909,428.3911,65.4297,15.28
5910,428.4585,67.3828,14.84
5911,428.5386,80.0781,12.49
5912,428.6138,75.1953,13.30
5913,428.6763,62.5000,16.00
5914,428.7397,63.4766,15.75
5915,428.8149,75.1953,13.30
5916,428.8901,75.1953,13.30
5917,428.9653,75.1953,13.30
5918,429.0435,78.1250,12.80
5919,429.1206,77.1484,12.96
5920,429.1997,79.1016,12.64
5921,429.2837,83.9844,11.91
5922,429.3413,57.6172,17.36
5923,429.4067,65.4297,15.28
5924,429.4907,83.9844,11.91
5925,429.5688,78.1250,12.80
5926,429.6460,77.1484,12.96
5927,429.7231,77.1484,12.96
5928,429.8013,78.1250,12.80
5929,429.8774,76.1719,13.13
5930,429.9575,80.0781,12.49
5931,430.0337,76.1719,13.13
5932,430.1118,78.1250,12.80
5933,430.1909,79.1016,12.64
5934,430.2583,67.3828,14.84
5935,430.3335,75.1953,13.30
5936,430.4126,79.1016,12.64
5937,430.4761,63.4766,15.75
5938,430.5415,65.4297,15.28
5939,430.6187,77.1484,12.96
5940,430.6968,78.1250,12.80
5941,430.7749,78.1250,12.80
5942,430.8521,77.1484,12.96
5943,430.9341,82.0313,12.19
5944,431.0142,80.0781,12.49
5945,431.0913,77.1484,12.96
5946,431.1685,77.1484,12.96
5947,431.2466,78.1250,12.80
5948,431.3237,77.1484,12.96
5949,431.4019,78.1250,12.80
5950,431.4790,77.1484,12.96
5951,431.5571,78.1250,12.80
5952,431.6343,77.1484,12.96
5953,431.6997,65.4297,15.28
5954,431.7788,79.1016,12.64
5955,431.8442,65.4297,15.28
5956,431.9048,60.5469,16.52
5957,431.9683,63.4766,15.75
5958,432.0591,90.8203,11.01
5959,432.1372,78.1250,12.80
5960,432.2144,77.1484,12.96
5961,432.2964,82.0313,12.19
5962,432.3628,66.4063,15.06
5963,432.4302,67.3828,14.84
5964,432.5151,84.9609,11.77
5965,432.6001,84.9609,11.77
5966,432.6860,85.9375,11.64
5967,432.7710,84.9609,11.77
5968,432.8579,86.9141,11.51
5969,432.9409,83.0078,12.05
5970,433.0249,83.9844,11.91
5971,433.1089,83.9844,11.91
5972,433.1938,84.9609,11.77
5973,433.2798,85.9375,11.64
5974,433.3579,78.1250,12.80
5975,433.4360,78.1250,12.80
5976,433.5161,80.0781,12.49
5977,433.5933,77.1484,12.96
5978,433.6724,79.1016,12.64
5979,433.7583,85.9375,11.64
5980,433.8433,84.9609,11.77
5981,433.9009,57.6172,17.36
5982,433.9663,65.4297,15.28
5983,434.0522,85.9375,11.64
5984,434.1304,78.1250,12.80
5985,434.1948,64.4531,15.52
5986,434.2651,70.3125,14.22
5987,434.3325,67.3828,14.84
5988,434.3999,67.3828,14.84
5989,434.4839,83.9844,11.91
5990,434.5513,67.3828,14.84
5991,434.6147,63.4766,15.75
5992,434.6743,59.5703,16.79
5993,434.7417,67.3828,14.84
5994,434.8228,81.0547,12.34
5995,434.8804,57.6172,17.36
5996,434.9458,65.4297,15.28
5997,435.0249,79.1016,12.64
5998,435.0815,56.6406,17.66
5999,435.1450,63.4766,15.75
6000,435.2104,65.4297,15.28
6001,435.2866,76.1719,13.13
6002,435.3501,63.4766,15.75
6003,435.4321,82.0313,12.19
6004,435.5083,76.1719,13.13
6005,435.5728,64.4531,15.52
6006,435.6353,62.5000,16.00
6007,435.7144,79.1016,12.64
6008,435.7749,60.5469,16.52
6009,435.8384,63.4766,15.75
6010,435.9058,67.3828,14.84
6011,435.9692,63.4766,15.75
6012,436.0483,79.1016,12.64
6013,436.1323,83.9844,11.91
6014,436.1968,64.4531,15.52
6015,436.2700,73.2422,13.65
6016,436.3364,66.4063,15.06
6017,436.4204,83.9844,11.91
6018,436.4839,63.4766,15.75
6019,436.5503,66.4063,15.06
6020,436.6333,83.0078,12.05
6021,436.6997,66.4063,15.06
6022,436.7788,79.1016,12.64
6023,436.8647,85.9375,11.64
6024,436.9517,86.9141,11.51
6025,437.0347,83.0078,12.05
6026,437.1147,80.0781,12.49
6027,437.1870,72.2656,13.84
6028,437.2612,74.2188,13.47
6029,437.3403,79.1016,12.64
6030,437.3979,57.6172,17.36
6031,437.4624,64.4531,15.52
6032,437.5415,79.1016,12.64
6033,437.6187,77.1484,12.96
6034,437.6782,59.5703,16.79
6035,437.7466,68.3594,14.63
6036,437.8335,86.9141,11.51
6037,437.8970,63.4766,15.75
6038,437.9663,69.3359,14.42
6039,438.0513,84.9609,11.77
6040,438.1382,86.9141,11.51
6041,438.2065,68.3594,14.63
6042,438.2935,86.9141,11.51
6043,438.3481,54.6875,18.29
6044,438.4233,75.1953,13.30
6045,438.5005,77.1484,12.96
6046,438.5767,76.1719,13.13
6047,438.6558,79.1016,12.64
6048,438.7407,84.9609,11.77
6049,438.8315,90.8203,11.01
6050,438.9136,82.0313,12.19
6051,438.9771,63.4766,15.75
6052,439.0415,64.4531,15.52
6053,439.1255,83.9844,11.91
6054,439.1890,63.4766,15.75
6055,439.2534,64.4531,15.52
6056,439.3364,83.0078,12.05
6057,439.4224,85.9375,11.64
6058,439.4937,71.2891,14.03
6059,439.5630,69.3359,14.42
6060,439.6460,83.0078,12.05
6061,439.7241,78.1250,12.80
6062,439.7896,65.4297,15.28
6063,439.8735,83.9844,11.91
6064,439.9390,65.4297,15.28
6065,439.9985,59.5703,16.79
6066,440.0786,80.0781,12.49
6067,440.1333,54.6875,18.29
6068,440.1968,63.4766,15.75
6069,440.2642,67.3828,14.84
6070,440.3296,65.4297,15.28
6071,440.4106,81.0547,12.34
6072,440.4673,56.6406,17.66
6073,440.5513,83.9844,11.91
6074,440.6177,66.4063,15.06
6075,440.6812,63.4766,15.75
6076,440.7485,67.3828,14.84
6077,440.8149,66.4063,15.06
6078,440.8862,71.2891,14.03
6079,440.9683,82.0313,12.19
6080,441.0327,64.4531,15.52
6081,441.0962,63.4766,15.75
6082,441.1665,70.3125,14.22
6083,441.2554,88.8672,11.25
6084,441.3462,90.8203,11.01
6085,441.4126,66.4063,15.06
6086,441.5034,90.8203,11.01
6087,441.5601,56.6406,17.66
6088,441.6460,85.9375,11.64
6089,441.7280,82.0313,12.19
6090,441.8130,84.9609,11.77
6091,441.8970,83.9844,11.91
6092,441.9829,85.9375,11.64
6093,442.0679,84.9609,11.77
6094,442.1499,82.0313,12.19
6095,442.2173,67.3828,14.84
6096,442.2866,69.3359,14.42
6097,442.3618,75.1953,13.30
6098,442.4409,79.1016,12.64
6099,442.5073,66.4063,15.06
6100,442.5845,77.1484,12.96
6101,442.6606,76.1719,13.13
6102,442.7192,58.5938,17.07
6103,442.7847,65.4297,15.28
6104,442.8491,64.4531,15.52
6105,442.9165,67.3828,14.84
6106,442.9868,70.3125,14.22
6107,443.0747,87.8906,11.38
6108,443.1411,66.4063,15.06
6109,443.2368,95.7031,10.45
6110,443.3218,84.9609,11.77
6111,443.3892,67.3828,14.84
6112,443.4751,85.9375,11.64
6113,443.5435,68.3594,14.63
6114,443.6313,87.8906,11.38
6115,443.6958,64.4531,15.52
6116,443.7837,87.8906,11.38
6117,443.8530,69.3359,14.42
6118,443.9390,85.9375,11.64
6119,444.0073,68.3594,14.63
6120,444.0845,77.1484,12.96
6121,444.1646,80.0781,12.49
6122,444.2437,79.1016,12.64
6123,444.3091,65.4297,15.28
6124,444.3765,67.3828,14.84
6125,444.4644,87.8906,11.38
6126,444.5288,64.4531,15.52
6127,444.5952,66.4063,15.06
6128,444.6812,85.9375,11.64
6129,444.7671,85.9375,11.64
6130,444.8315,64.4531,15.52
6131,444.9087,77.1484,12.96
6132,444.9673,58.5938,17.07
6133,445.0435,76.1719,13.13
6134,445.1050,61.5234,16.25
6135,445.1685,63.4766,15.75
6136,445.2456,77.1484,12.96
6137,445.3022,56.6406,17.66
6138,445.3647,62.5000,16.00
6139,445.4517,86.9141,11.51
6140,445.5278,76.1719,13.13
6141,445.5874,59.5703,16.79
6142,445.6558,68.3594,14.63
6143,445.7231,67.3828,14.84
6144,445.7896,66.4063,15.06
6145,445.8667,77.1484,12.96
6146,445.9282,61.5234,16.25
6147,445.9927,64.4531,15.52
6148,446.0708,78.1250,12.80
6149,446.1392,68.3594,14.63
6150,446.2241,84.9609,11.77
6151,446.2905,66.4063,15.06
6152,446.3765,85.9375,11.64
6153,446.4351,58.5938,17.07
6154,446.5190,83.9844,11.91
6155,446.5845,65.4297,15.28
6156,446.6509,66.4063,15.06
6157,446.7261,75.1953,13.30
6158,446.7944,68.3594,14.63
6159,446.8813,86.9141,11.51
6160,446.9497,68.3594,14.63
6161,447.0181,68.3594,14.63
6162,447.1060,87.8906,11.38
6163,447.1890,83.0078,12.05
6164,447.2476,58.5938,17.07
6165,447.3110,63.4766,15.75
6166,447.3979,86.9141,11.51
6167,447.4624,64.4531,15.52
6168,447.5532,90.8203,11.01
6169,447.6118,58.5938,17.07
6170,447.6968,84.9609,11.77
6171,447.7632,66.4063,15.06
6172,447.8579,94.7266,10.56
6173,447.9292,71.2891,14.03
6174,448.0132,83.9844,11.91
6175,448.0786,65.4297,15.28
6176,448.1528,74.2188,13.47
6177,448.2495,96.6797,10.34
6178,448.3364,86.9141,11.51
6179,448.4038,67.3828,14.84
6180,448.4888,84.9609,11.77
6181,448.5552,66.4063,15.06
6182,448.6382,83.0078,12.05
6183,448.7241,85.9375,11.64
6184,448.8110,86.9141,11.51
6185,448.8774,66.4063,15.06
6186,448.9536,76.1719,13.13
6187,449.0356,82.0313,12.19
6188,449.0942,58.5938,17.07
6189,449.1606,66.4063,15.06
6190,449.2476,86.9141,11.51
6191,449.3159,68.3594,14.63
6192,449.4067,90.8203,11.01
6193,449.4731,66.4063,15.06
6194,449.5474,74.2188,13.47
6195,449.6216,74.2188,13.47
6196,449.7085,86.9141,11.51
6197,449.7798,71.2891,14.03
6198,449.8589,79.1016,12.64
6199,449.9146,55.6641,17.96
6200,449.9946,80.0781,12.49
6201,450.0562,61.5234,16.25
6202,450.1226,66.4063,15.06
6203,450.1821,59.5703,16.79
6204,450.2495,67.3828,14.84
6205,450.3394,89.8438,11.13
6206,450.4302,90.8203,11.01
6207,450.5132,83.0078,12.05
6208,450.5796,66.4063,15.06
6209,450.6470,67.3828,14.84
6210,450.7310,83.9844,11.91
6211,450.8003,69.3359,14.42
6212,450.8843,83.9844,11.91
6213,450.9370,52.7344,18.96
6214,450.9966,59.5703,16.79
6215,451.0747,78.1250,12.80
6216,451.1362,61.5234,16.25
6217,451.2046,68.3594,14.63
6218,451.2720,67.3828,14.84
6219,451.3481,76.1719,13.13
6220,451.4312,83.0078,12.05
6221,451.5015,70.3125,14.22
6222,451.5874,85.9375,11.64
6223,451.6694,82.0313,12.19
6224,451.7339,64.4531,15.52
6225,451.7983,64.4531,15.52
6226,451.8823,83.9844,11.91
6227,451.9673,84.9609,11.77
6228,452.0522,84.9609,11.77
6229,452.1206,68.3594,14.63
6230,452.1890,68.3594,14.63
6231,452.2788,89.8438,11.13
6232,452.3647,85.9375,11.64
6233,452.4302,65.4297,15.28
6234,452.5063,76.1719,13.13
6235,452.5845,78.1250,12.80
6236,452.6685,83.9844,11.91
6237,452.7544,85.9375,11.64
6238,452.8413,86.9141,11.51
6239,452.9028,61.5234,16.25
6240,452.9712,68.3594,14.63
6241,453.0542,83.0078,12.05
6242,453.1362,82.0313,12.19
6243,453.2134,77.1484,12.96
6244,453.2788,65.4297,15.28
6245,453.3472,68.3594,14.63
6246,453.4331,85.9375,11.64
6247,453.4976,64.4531,15.52
6248,453.5669,69.3359,14.42
6249,453.6392,72.2656,13.84
6250,453.7192,80.0781,12.49
6251,453.7876,68.3594,14.63
6252,453.8726,84.9609,11.77
6253,453.9399,67.3828,14.84
6254,454.0063,66.4063,15.06
6255,454.0923,85.9375,11.64
6256,454.1597,67.3828,14.84
6257,454.2271,67.3828,14.84
6258,454.3042,77.1484,12.96
6259,454.3716,67.3828,14.84
6260,454.4399,68.3594,14.63
6261,454.5073,67.3828,14.84
6262,454.5864,79.1016,12.64
6263,454.6704,83.9844,11.91
6264,454.7515,81.0547,12.34
6265,454.8120,60.5469,16.52
6266,454.8813,69.3359,14.42
6267,454.9497,68.3594,14.63
6268,455.0278,78.1250,12.80
6269,455.1099,82.0313,12.19
6270,455.1938,83.9844,11.91
6271,455.2622,67.3828,14.84
6272,455.3296,67.3828,14.84
6273,455.3911,61.5234,16.25
6274,455.4761,84.9609,11.77
6275,455.5610,84.9609,11.77
6276,455.6274,66.4063,15.06
6277,455.6948,67.3828,14.84
6278,455.7827,87.8906,11.38
6279,455.8481,65.4297,15.28
6280,455.9351,86.9141,11.51
6281,455.9907,55.6641,17.96
6282,456.0571,66.4063,15.06
6283,456.1440,86.9141,11.51
6284,456.2104,66.4063,15.06
6285,456.3062,95.7031,10.45
6286,456.3745,68.3594,14.63
6287,456.4673,92.7734,10.78
6288,456.5278,60.5469,16.52
6289,456.5933,65.4297,15.28
6290,456.6802,86.9141,11.51
6291,456.7466,66.4063,15.06
6292,456.8325,85.9375,11.64
6293,456.8999,67.3828,14.84
6294,456.9673,67.3828,14.84
6295,457.0376,70.3125,14.22
6296,457.1245,86.9141,11.51
6297,457.2114,86.9141,11.51
6298,457.2769,65.4297,15.28
6299,457.3491,72.2656,13.84
6300,457.4087,59.5703,16.79
6301,457.4771,68.3594,14.63
6302,457.5640,86.9141,11.51
6303,457.6509,86.9141,11.51
6304,457.7358,84.9609,11.77
6305,457.7964,60.5469,16.52
6306,457.8677,71.2891,14.03
6307,457.9526,84.9609,11.77
6308,458.0396,86.9141,11.51
6309,458.1021,62.5000,16.00
6310,458.1714,69.3359,14.42
6311,458.2563,84.9609,11.77
6312,458.3228,66.4063,15.06
6313,458.4077,84.9609,11.77
6314,458.4741,66.4063,15.06
6315,458.5474,73.2422,13.65
6316,458.6128,65.4297,15.28
6317,458.6782,65.4297,15.28
6318,458.7466,68.3594,14.63
6319,458.8315,84.9609,11.77
6320,458.9146,83.0078,12.05
6321,459.0005,85.9375,11.64
6322,459.0854,84.9609,11.77
6323,459.1685,83.0078,12.05
6324,459.2515,83.0078,12.05
6325,459.3335,82.0313,12.19
6326,459.4175,83.9844,11.91
6327,459.5034,85.9375,11.64
6328,459.5884,84.9609,11.77
6329,459.6724,83.9844,11.91
6330,459.7554,83.0078,12.05
6331,459.8403,84.9609,11.77
6332,459.9243,83.9844,11.91
6333,460.0083,83.9844,11.91
6334,460.0923,83.9844,11.91
6335,460.1763,83.9844,11.91
6336,460.2593,83.0078,12.05
6337,460.3442,84.9609,11.77
6338,460.4302,85.9375,11.64
6339,460.5122,82.0313,12.19
6340,460.5776,65.4297,15.28
